11.483944 14.439832
5.319525 16.497789
9.594912 17.816128
9.130155 10.773125
14.325699 14.450499
14.382707 19.411982
8.148618 11.861079
11.285690 15.420912
7.186029 17.977764
11.805818 17.150028
9.249092 9.833679
8.821963 10.508888
9.480877 13.435647
8.721945 12.732660
7.832114 9.527329
14.349597 17.136923
14.352075 16.192116
11.666676 17.943853
9.086525 8.732301
14.387474 16.289692
10.157430 12.926554
10.370441 14.208513
7.046617 11.135242
8.736055 9.477030
11.695984 12.712890
9.005413 9.613477
6.264047 16.133812
8.705812 14.126675
9.075280 13.160124
9.954375 18.458895
15.221582 19.981825
8.917289 13.348056
7.399590 21.773623
9.173103 9.804266
8.421782 10.495655
15.477180 18.933620
8.771037 9.831383
9.194784 13.401223
9.856185 15.389761
13.852473 16.578613
12.230430 14.600184
9.603148 9.728648
9.340338 13.338563
9.448859 12.370431
8.702271 13.154477
8.999552 11.861430
11.374312 17.230225
9.841299 11.603842
9.678041 12.776864
12.806273 14.237730
8.943051 13.191684
9.609514 10.496870
9.567987 11.447872
8.339248 11.877482
7.958000 14.573085
9.869843 11.317534
8.173665 10.647977
8.586631 9.996458
8.237845 9.845564
12.790577 16.746626
9.528199 9.830666
9.885917 12.673252
12.650111 19.939453
8.068130 16.313845
10.133368 14.344556
10.511282 15.828662
9.589124 19.030758
9.745845 10.549765
9.431851 12.838750
13.687725 13.311834
13.219981 17.129414
10.412877 16.511721
7.073922 19.754850
8.035021 11.658652
15.789817 16.645151
9.900881 12.187921
16.081167 19.739355
9.288063 11.733984
9.465048 17.589449
5.977077 15.868392
8.380944 12.979906
11.981819 13.340270
9.577324 12.602232
9.742929 10.451872
14.238637 16.438560
9.953164 12.482641
8.407617 9.137580
8.586719 8.444973
13.026458 17.154850
8.266419 10.011980
13.834882 14.882176
8.686769 12.091086
8.927583 10.549129
15.581737 19.109818
13.673985 12.833681
13.667747 15.370247
13.223779 18.586988
9.581747 12.886556
9.359447 14.885364
9.189957 13.354683
15.291913 18.485395
11.026949 13.936162
8.108313 12.079089
9.703473 13.370119
14.184765 14.882434
9.972266 12.176145
15.531994 17.036631
9.344348 13.374891
8.219557 10.542053
9.390040 9.868505
15.668590 16.858158
14.692234 18.148972
9.335186 9.102476
8.873081 13.341558
9.635911 12.335244
9.269457 9.251085
9.771708 14.525212
8.819854 10.346255
5.648473 20.752359
12.701494 17.528732
5.430339 17.246559
8.690807 9.874050
9.142961 9.489227
10.181268 14.491042
10.095541 9.687502
14.464716 16.934454
16.080845 20.942602
8.686164 8.321543
9.687677 10.174690
7.988283 9.991116
9.833634 12.700716
8.557623 12.764274
9.209502 13.210615
12.646976 13.296347
9.137819 13.567531
7.660977 9.381257
9.424208 13.564132
10.843132 12.370800
7.511232 15.676015
10.029319 9.641607
14.228279 16.429869
9.236732 8.914723
14.046864 13.787113
9.032078 8.739375
12.133879 14.376825
5.018045 20.806776
4.197395 22.635044
12.137460 14.929786
9.336653 9.691360
9.594620 13.488194
9.097424 12.241355
6.644336 16.943554
8.584992 9.628355
9.881131 12.786371
14.122010 13.918818
8.997512 12.635659
9.329857 12.930208
8.649148 10.275429
10.070052 11.719347
11.899327 17.183935
6.462557 13.609673
11.835165 16.900696
11.057019 15.065877
11.935415 14.095590
5.613621 20.103073
10.801909 17.591381
17.481380 18.639673
9.157423 10.133822
14.352482 16.859434
9.279343 13.110421
15.015305 16.089903
13.401530 15.168899
8.808337 11.464301
11.526186 18.237024
9.587939 10.677026
11.684280 18.540684
10.688065 19.282185
9.714355 10.850458
10.084484 12.724797
9.483924 14.096714
9.517208 12.129825
8.502040 13.162508
9.942595 13.230737
13.876259 17.099735
9.672550 10.149405
10.079282 12.518060
9.115764 16.254128
9.218695 13.461491
8.034133 11.547000
8.614329 11.736841
13.386199 17.596117
8.825956 11.231155
16.300270 17.208887
7.957056 12.714021
9.833428 12.923624
9.222834 13.501880
10.300481 15.664158
9.049201 9.329455
9.816405 13.191652
7.855759 9.184137
9.056125 13.287476
13.585670 13.453074
8.984140 11.157259
11.136584 13.785844
14.446831 15.713069
12.941429 16.187134
7.687295 11.666121
15.799747 17.779406
8.333917 8.636413
8.523978 10.364888
6.817330 11.813223
10.479355 16.164721
10.405334 11.208709
9.454141 11.331271
11.415719 19.302357
9.111682 9.816009
8.892791 10.483345
11.086242 20.228662
9.505854 10.483469
9.069812 10.343323
8.769691 12.842905
8.917823 14.488277
9.436140 10.063176
10.043451 12.370893
9.370712 10.408235
12.913504 13.914116
15.592564 19.824575
9.528180 14.976837
9.271772 9.622690
10.807300 18.195789
4.086345 21.477016
10.473820 14.365568
8.560391 13.084210
8.712751 13.336330
9.904757 16.364006
4.691782 16.597702
9.558339 10.020099
9.113496 18.671743
11.915678 15.399352
7.989618 10.371108
9.074236 10.502711
11.392333 18.152584
9.457753 13.136931
8.960179 13.455910
8.728300 13.404391
13.674716 17.278370
10.938149 20.536514
8.300440 20.041952
9.021523 10.329168
10.006240 11.947794
9.612199 13.196242
9.773293 13.003768
5.068246 16.147078
9.253092 10.151374
8.862896 12.527184
14.166834 17.108929
8.813081 9.932226
12.280457 12.505035
9.796361 10.096756
11.472153 12.233445
9.360389 9.259970
8.365894 16.597912
4.922960 16.325130
1.331306 17.101364
8.654212 9.632279
9.022986 13.434499
12.831101 17.085735
8.669152 10.744559
8.098485 10.240047
9.016179 13.507035
5.238094 17.300554
8.313230 10.925917
10.494641 10.863651
9.643789 9.647565
8.762483 8.966014
12.600354 16.409315
9.171669 13.971331
8.926338 13.583399
9.324203 11.471704
12.964116 17.062088
8.257671 10.374226
9.708260 14.883745
10.590794 10.319380
14.116056 14.065635
10.690578 14.694137
9.223469 9.906306
9.922377 12.354584
13.926990 17.411409
9.952187 10.832053
8.435132 15.286810
8.780885 13.179552
6.473458 17.752823
3.465276 21.651070
9.105072 8.849824
8.563867 10.714334
9.801265 12.360373
8.608739 13.415890
13.740825 16.521269
9.384260 13.518501
8.244762 13.856501
9.875606 11.078907
9.792003 11.322422
9.561034 12.937747
9.909718 12.552759
9.085699 8.663433
9.626919 10.534823
8.771286 10.742826
13.222310 12.988070
9.418917 14.659741
9.269886 13.210443
9.589662 10.224999
8.319720 12.811567
7.900131 9.950032
9.691332 12.664179
9.310232 13.643173
4.529115 17.657494
10.757388 11.748593
8.858082 9.798561
16.294163 17.615791
7.096200 11.572936
9.763058 12.779714
9.922169 15.032323
9.779735 13.180671
8.208020 8.153267
8.808838 10.327606
10.022311 11.662302
6.504072 11.861056
12.861565 14.864164
9.878242 12.669651
15.771165 18.013630
8.520742 11.215199
8.462295 10.087746
8.460527 11.855839
8.514839 13.297511
9.827543 10.680760
14.301835 15.767456
5.383300 22.665077
9.380213 9.245514
7.936522 15.167815
16.465990 18.304968
14.560760 19.902855
11.786558 17.137737
9.338852 8.657591
9.440939 9.662065
11.055639 13.870931
8.556172 10.270000
11.919065 17.769022
13.178048 16.623024
9.636007 13.415820
9.437989 10.195831
10.338505 14.528855
7.871087 7.585276
9.024796 8.130197
9.675021 16.315306
15.694893 19.530756
6.903604 17.523184
9.197162 13.273786
9.076197 9.528254
9.148928 8.566623
11.323539 17.524721
9.877040 12.950172
10.064909 11.772266
9.835350 8.585096
11.675127 17.203531
8.128143 10.000818
9.592193 9.834473
11.357028 17.444815
8.407183 13.018225
9.534518 13.274040
12.790482 17.130690
8.479663 9.853599
4.698283 16.356972
13.560462 16.032690
13.762523 13.319915
11.206607 16.466894
8.551641 11.425528
9.196981 9.090915
9.352712 13.686692
8.794384 13.529657
10.043514 12.655705
9.809525 17.755087
9.314817 16.542868
8.907117 9.477052
9.061265 10.710150
8.189048 9.949677
4.576592 17.451544
8.526578 13.308235
8.150172 9.338531
14.054543 17.202768
9.826951 10.166678
9.271506 9.617635
9.550571 13.450398
9.399945 9.702516
8.590337 19.353813
9.553637 9.553767
9.160101 13.644364
9.491822 9.138877
8.985717 13.590849
9.597529 9.386089
9.105406 13.622070
8.885033 10.875186
15.274382 16.649836
9.312494 13.377310
13.055700 18.699400
13.333970 13.234712
13.871106 17.884645
-2.608568 11.460626
7.289684 11.531459
10.113302 13.109124
10.038142 11.304501
9.104319 12.661144
10.032092 12.449569
8.700944 10.114539
9.934513 13.019739
9.526184 18.537907
9.408729 10.124660
10.099107 17.035919
9.810813 12.617169
16.014502 16.073072
9.771522 10.375732
9.050918 8.846936
8.070872 10.689120
11.024602 12.094318
9.520423 15.759330
8.852423 8.038747
9.063095 16.222221
10.253042 14.761435
8.574942 10.901030
14.623888 15.528947
9.241705 9.313440
11.153459 18.754128
11.588179 16.128138
8.315627 9.832191
8.174873 10.575969
11.110722 14.512964
13.197269 15.991750
13.302398 16.887260
8.542917 13.385017
9.978662 10.792004
12.881904 15.211132
7.885511 10.206762
12.211250 18.023205
16.319674 19.003971
12.458166 16.866283
9.050811 11.940315
14.261747 15.427082
10.092802 12.243360
9.782310 9.971960
9.084199 11.206704
13.955051 17.095230
8.656511 8.152267
8.246911 10.708357
10.107051 11.322013
8.723006 13.473903
9.935138 10.805011
13.310109 14.498241
11.478396 16.991627
9.017712 11.275155
10.014270 12.481050
4.818425 17.195087
12.856133 18.668194
12.514968 13.589712
9.563266 13.186351
8.677510 9.947370
16.104946 16.478199
14.396182 15.389867
8.764822 7.839253
5.978129 19.787506
9.466867 13.139929
9.241500 11.207749
12.339970 17.883146
6.918896 17.272755
13.524909 18.642595
13.564873 17.310591
8.490136 8.102299
9.873208 19.037781
8.513081 10.704605
9.773541 14.675037
8.279139 8.819052
14.184711 14.573208
10.253127 16.712349
9.056248 11.429127
11.568663 12.330921
5.061450 21.601097
9.511353 13.551990
9.866390 10.619048
8.567396 9.272200
11.710173 18.353340
10.501214 14.459769
14.609278 15.965897
4.648290 16.669266
10.139127 11.530560
9.805776 12.970443
9.976077 10.518589
9.080724 13.288362
13.858500 14.693418
9.171184 11.300995
7.382290 16.093779
8.668859 13.562554
8.119008 10.008449
10.016073 12.760936
6.641274 17.077934
14.400174 16.511383
8.920257 13.719047
8.938349 12.613001
8.646081 13.439592
14.375247 15.985426
8.745272 11.000230
10.056637 12.051397
9.209022 9.337034
14.015860 17.259083
8.714575 16.171743
9.489323 8.993605
12.036528 15.500613
13.672514 17.332317
11.410109 12.567414
8.084736 9.890823
8.834204 9.200167
10.034554 11.605760
8.415382 10.858229
14.201798 16.882063
8.541428 10.484870
13.121259 17.498499
14.365288 14.525674
8.849337 11.879985
8.326509 11.855312
12.127052 18.157755
12.507443 14.414161
1.468381 16.894073
9.090905 12.461149
8.226412 13.056426
9.965017 13.190512
9.201145 14.674129
8.952891 11.051714
8.798851 10.686159
9.092858 11.401571
7.707269 12.795112
9.411976 9.155971
9.161801 8.814610
9.137708 11.629904
10.978900 12.285705
10.019235 13.090924
11.940759 18.306005
10.038729 11.161874
9.444798 14.419767
8.941009 11.359840
10.078868 11.870228
5.111044 16.259043
9.209333 10.976273
16.371727 17.383661
0.268827 22.097111
9.198188 11.385257
9.170557 11.292096
8.718341 8.920485
8.463786 12.577547
14.480494 15.779141
12.971972 18.747480
8.221007 14.421885
8.141519 13.386277
8.383636 11.478081
9.586506 9.568580
9.053392 17.852385
8.977531 11.123959
9.030003 10.889174
4.770833 16.050714
7.774160 9.916905
11.903955 15.159216
10.468074 14.744391
14.621370 16.857254
7.774544 15.099193
9.203650 8.541332
7.894492 13.968299
8.969170 11.508030
7.999977 11.731589
6.710384 11.958358
9.817377 11.859362
15.006042 16.023123
12.818935 16.381006
9.488699 9.700346
14.202805 16.521645
8.595989 16.186680
9.394920 10.838732
9.058784 11.424276
9.160442 11.495263
9.036634 13.699581
9.678829 13.433085
13.469366 19.657120
5.098955 15.980560
10.034027 13.251001
10.116907 12.322504
9.028900 13.659396
8.068544 9.747625
9.136415 11.059953
9.414541 12.541387
12.340273 17.961327
12.462828 16.150377
7.990487 10.811421
8.555180 13.533645
8.831284 9.898929
9.390820 12.917809
10.099418 12.498035
13.007218 16.683722
10.094698 12.547421
8.900681 12.997147
9.286346 11.331747
6.920478 18.082779
8.936629 11.464135
7.396688 12.009221
13.401339 16.377214
10.111814 12.655572
14.686443 17.642473
8.151520 12.325261
9.983443 11.280347
7.423367 15.329704
9.910398 12.782617
10.031273 11.853812
8.786937 11.304828
9.322832 13.758760
9.100739 11.679557
10.463650 12.821732
8.822075 13.641898
10.563191 19.408134
15.799184 16.610296
10.139554 12.777685
9.800323 9.913903
9.114687 11.505832
9.257592 11.428638
8.760937 13.736180
8.267373 18.446096
7.812797 9.337078
12.473402 18.322319
9.520999 9.008011
8.652169 9.360487
9.293615 11.351910
8.043342 10.413762
8.518262 13.303519
9.142125 11.521268
16.556267 17.554094
9.733459 10.994734
7.733379 9.652771
9.139465 11.403227
9.021947 11.743705
8.890234 11.479279
9.078339 11.492477
8.204818 10.738754
9.287156 11.224594
9.262922 11.423038
8.908682 10.879039
9.421823 9.449696
9.437274 12.354271
12.072005 17.674879
10.069300 15.241923
9.038773 10.259162
9.123889 13.492783
9.116575 11.588862
9.197879 11.245110
9.816573 13.026546
9.215192 10.116816
9.737120 9.789394
9.994306 13.479502
9.520964 13.875514
7.627937 13.563669
9.815675 13.672557
10.925425 12.343720
10.001826 12.758683
10.024272 14.704477
8.104120 8.413292
10.452213 14.475050
9.258473 11.534377
9.398577 13.107851
9.169689 8.418134
8.335925 13.360079
17.849936 18.518774
9.102320 11.721685
13.242732 13.515473
9.339238 12.782902
10.348046 13.370377
14.085678 17.352690
9.120317 10.921763
9.537268 12.793611
12.392745 18.675303
8.848565 11.328984
8.993754 9.839582
12.876865 16.689758
8.833140 11.313363
10.833943 18.116407
8.920262 11.406515
8.489288 10.658329
9.229424 11.355725
9.098271 11.686202
9.686541 13.594290
9.195795 11.128936
9.289288 17.968121
9.194162 10.927162
9.243717 11.077621
8.870655 11.194521
8.931042 11.792679
9.240865 10.650221
10.591464 14.742405
8.429591 11.071811
2.572993 18.539309
9.026038 11.777035
9.259400 11.522662
7.681165 10.177315
8.901159 10.049014
9.970196 12.894379
8.901215 11.526614
11.945581 12.478539
8.093792 13.065458
8.749361 10.723838
9.136870 11.250685
9.419304 11.869131
9.016846 10.648993
9.138489 10.468561
8.831281 13.704326
9.887179 12.493112
9.598829 11.497860
13.332965 14.099555
8.938379 11.615289
9.950944 12.592916
8.591119 13.579201
10.154152 11.278364
9.562555 18.631132
12.487432 16.288082
11.472857 15.782992
9.309449 12.573717
10.254587 12.171411
7.430611 13.523251
9.227100 11.583546
15.413998 19.089417
8.850749 11.640530
9.193052 11.518304
9.665124 12.476865
9.082709 11.778662
9.203163 11.412786
12.305008 16.774965
9.110978 10.842457
9.060791 10.920296
5.430979 17.809698
12.440777 17.740694
8.412038 10.757634
9.237728 10.947265
9.538046 13.178596
8.908192 10.715401
8.715160 11.545170
9.199588 13.883926
8.908981 11.096936
8.962399 8.696477
14.128615 19.305712
9.079418 11.821078
11.387495 17.836868
10.092982 11.083339
8.313744 10.094777
9.839836 9.698661
8.751332 13.499929
9.373765 8.473027
6.796978 11.054612
9.919439 12.760725
10.059125 12.777223
9.611608 19.490370
14.063412 14.777165
8.134060 13.518688
9.686025 9.682646
9.256183 11.415812
9.002748 11.816742
6.477774 12.332394
12.283210 18.870121
9.296014 11.684433
12.296241 17.090019
7.883423 10.261176
8.941312 11.841170
8.997663 11.204675
9.212995 11.259746
7.952379 10.230609
8.877126 11.685384
9.601675 15.156790
7.689039 9.410864
8.853611 10.975708
13.102635 15.726560
10.156625 12.783968
9.099518 11.407003
10.862031 18.664244
10.435636 14.965009
8.556910 12.031484
9.664221 9.811836
8.287594 12.617958
14.589582 15.757596
8.419307 8.805384
10.212575 11.973963
9.327200 11.300865
9.302537 11.226064
4.461777 15.661904
4.254691 16.700998
10.973662 16.936869
10.122247 11.750083
9.443814 13.129661
9.124272 11.371033
9.269927 11.325567
8.430265 13.391977
7.230608 16.120251
9.108554 11.684368
10.050567 11.046179
9.394413 8.962099
9.317503 11.259564
9.338187 11.388163
13.761867 17.633463
14.579186 19.902348
9.618702 13.456301
9.241014 10.182587
8.328314 19.794579
7.818657 10.494542
10.180779 14.221531
8.757439 12.540898
12.852690 21.222034
7.992227 16.594234
9.363241 11.194104
9.598469 14.764882
8.631998 13.543654
9.966628 8.671276
8.879850 10.894084
8.676042 13.347445
7.567649 12.395145
8.157141 11.708362
8.995932 13.781466
9.256939 11.756786
15.433715 18.481089
6.345844 17.065392
9.105826 11.268284
7.415173 18.507214
10.118555 11.455475
14.516067 17.277201
8.359142 10.478362
9.363163 11.473145
9.646017 13.792070
14.771605 18.770157
11.713634 14.692572
8.093305 13.368951
9.245348 11.220240
6.550674 16.443012
3.957093 14.702311
11.928578 11.544003
16.303724 16.506683
6.055554 16.977163
8.198054 8.658696
16.556221 16.724905
7.536624 12.184858
11.796265 14.889598
9.281299 18.317940
11.105083 17.441061
9.234936 11.724769
9.013738 13.112444
9.199922 11.844381
13.641825 14.198972
9.308335 13.447029
6.790960 15.061758
9.001592 10.703571
9.227275 10.798488
8.959429 13.824519
14.613175 17.051704
8.350752 9.456762
7.953990 10.712828
9.174715 11.605656
9.243051 11.525830
9.318211 11.500653
6.853674 15.908838
10.009327 11.382282
9.150111 11.550699
9.304805 11.004863
8.972113 10.908351
13.066467 17.244959
10.322431 14.976481
10.639132 13.125609
14.494681 15.317857
10.084122 14.920815
8.167235 9.468792
10.277167 11.974282
10.052075 11.186639
10.161555 11.866157
8.548810 13.748222
8.953147 13.273514
8.847680 11.443767
9.350327 9.882642
8.724388 12.663659
9.890286 12.865903
9.067200 8.616899
9.163529 11.896037
8.904052 11.331761
9.916140 10.446138
9.283245 10.625461
11.222970 18.486425
14.216919 13.289968
10.238491 12.328784
9.821716 9.695887
9.195545 10.674684
10.029137 10.816521
8.941904 11.689906
8.269700 12.971591
10.162676 12.393983
9.020306 11.473152
9.923645 13.451663
9.288079 11.801686
8.855893 8.705250
9.258060 10.887358
8.942406 11.286373
9.760624 13.104184
9.126181 18.420790
8.677823 10.288871
9.146744 10.507349
9.331630 9.143012
8.662768 10.798213
9.187606 11.948195
9.322234 18.765551
9.931452 13.274157
10.112169 13.430086
12.088180 15.499287
4.950266 21.038609
8.816234 11.550403
12.017413 18.254400
9.071404 11.913795
9.065200 10.826604
9.400514 13.420371
9.269890 11.295612
8.514309 11.614293
16.433928 19.005035
8.743602 10.051011
9.169615 11.910728
14.342002 13.557170
9.082093 11.609114
9.350600 14.920177
9.301280 11.554572
13.495928 13.480693
9.245440 8.590278
7.563329 15.190672
9.629325 11.403986
11.606287 14.874697
9.031882 11.967463
16.076372 19.924828
9.102084 11.519139
8.812308 11.639869
8.746945 18.933786
9.353623 11.483849
9.645216 16.063835
9.230069 11.848859
7.367902 15.165499
16.864933 16.290155
9.131786 11.956917
9.763062 9.632523
8.997729 11.294303
14.675906 14.386001
12.138489 18.598831
12.935575 15.364484
14.358255 15.738812
10.002002 13.278959
8.756217 11.107857
7.988386 13.576791
4.117715 16.845835
9.623272 9.154876
9.304160 11.786064
8.623326 10.424518
9.374153 11.378990
9.323238 10.877695
8.214376 9.861520
9.249522 11.923733
10.659420 17.650126
10.026811 12.827186
8.927475 11.819942
9.232264 10.606546
8.687065 9.109220
9.437908 13.419046
10.483941 14.759054
8.992291 17.965128
9.185658 11.964221
9.139184 9.439393
9.268929 10.840618
10.571562 17.006163
12.317598 16.780689
9.237499 13.833722
8.485318 13.712869
9.067388 11.812670
10.021229 11.270761
13.639187 13.611832
8.469999 13.303456
8.815942 11.079976
12.019702 13.878377
8.833755 11.017092
9.178470 13.521560
12.643393 17.281485
9.301728 10.952075
12.067200 18.145344
9.159531 10.747156
9.912082 16.112947
8.997035 11.183251
8.116340 10.267312
9.123184 11.342079
9.732048 12.772997
9.628094 9.635490
9.355949 13.322573
14.563221 14.428405
8.399473 10.685117
0.568371 24.084673
6.136177 17.755434
9.249514 10.658400
9.004433 10.374907
8.043301 12.953160
8.855622 13.074657
12.515949 17.955666
8.842993 11.856345
15.731366 15.850834
16.792292 17.172665
9.087069 10.318803
11.045536 13.664721
13.923005 17.698437
8.822917 7.758042
9.253231 11.834203
14.662670 16.558754
9.866941 15.061771
7.844929 18.371271
8.906372 10.872032
9.348379 11.608807
9.215195 12.709532
9.786120 12.877389
8.077991 10.424870
9.238952 11.136227
9.131538 11.913672
10.197740 12.737190
7.227797 12.584652
9.948936 10.177037
9.540703 10.489132
12.361815 12.276300
9.332460 11.064722
9.207381 11.542221
8.980244 13.628279
10.250834 12.085080
9.351459 10.824863
8.798541 13.894749
9.784097 9.629126
9.966716 13.317245
9.164700 11.958139
9.730678 9.576963
9.493037 17.004440
9.343714 11.242616
8.313494 12.072313
8.226015 13.731693
14.400967 13.632092
9.669910 13.240849
10.089009 13.335028
13.964997 18.629578
8.720650 13.676724
9.062294 12.080647
8.082265 9.053463
6.829994 12.366425
9.291837 10.534933
9.005733 11.759279
8.927358 10.354558
9.441383 11.511660
10.146294 13.122099
9.389861 11.238705
10.247998 11.690080
8.249493 12.550486
11.241509 13.589601
4.466428 17.424713
9.404105 11.400597
9.881608 13.588262
9.067633 14.656621
15.815089 15.099948
10.676837 19.211016
8.852286 11.949574
11.981045 18.444738
8.833814 10.877131
9.318318 11.821390
8.753188 10.689640
9.520173 11.883958
9.094487 10.916944
15.020477 18.664101
8.922607 11.570012
12.360851 18.195337
9.096309 11.956004
8.738602 10.576785
8.912618 11.702730
8.998698 12.089949
9.117611 12.037137
7.743691 10.010704
9.229027 11.058238
12.114564 18.735872
7.748524 10.596743
9.086163 12.067172
9.204184 12.100578
9.500844 8.630983
9.214549 11.761331
9.434221 11.546281
9.742259 9.928693
9.336204 11.143106
9.161137 11.384804
8.173199 11.177479
8.984647 11.720468
9.351305 11.939568
14.383602 18.061485
9.734841 18.271343
10.212965 11.995339
8.948968 12.012645
15.742749 18.085426
8.907019 11.792676
8.578523 12.704518
12.604640 18.316183
9.767534 13.807918
10.132903 12.923968
10.638838 15.516967
8.870385 11.617015
8.744533 9.449338
9.029460 8.126160
8.065683 11.407207
8.920033 10.992929
9.339174 10.758545
9.107620 10.261158
10.647439 14.644705
9.448778 11.658432
7.883724 18.081388
9.793443 9.778314
9.225138 11.961969
8.871558 11.690416
14.123701 17.497452
9.247585 11.770948
8.499278 11.241800
13.841643 13.293260
11.207335 16.072439
8.558102 8.730128
12.688312 16.089483
8.217707 10.673833
11.858647 15.226736
8.149520 15.472908
8.850926 10.429408
10.530123 19.178061
9.314407 16.482767
9.111825 11.098929
12.879265 17.305365
14.410058 15.054865
9.063612 11.596198
10.048817 10.777828
8.979610 10.298321
10.204094 11.478583
9.694853 13.568542
9.865162 13.215837
7.984305 11.599336
10.247417 12.656235
14.848013 19.929596
8.780110 12.170769
5.811501 14.936829
9.014647 10.987491
9.226760 10.673841
9.244481 11.187684
7.786318 10.870304
8.806602 11.503141
9.437074 11.304982
9.387641 11.694191
9.262465 12.105909
9.305228 11.821291
9.388462 11.765077
9.073687 10.576166
14.235036 17.236092
9.412719 11.071721
9.302138 8.474507
5.319615 16.218853
8.594839 13.775129
9.152717 10.430933
8.959657 13.829551
9.421815 11.164854
14.703837 16.232725
9.160030 10.986627
8.925169 11.948054
14.814610 16.726114
8.557533 9.687643
3.965091 16.175535
13.365037 15.997102
8.885749 12.053650
9.438811 11.781793
8.994966 11.129169
10.206898 12.207230
10.332968 16.009432
9.414212 11.004704
14.229796 17.188755
10.501956 10.294602
12.975621 17.656761
12.847219 16.718943
9.567645 11.099810
9.343045 11.943591
10.140944 11.225973
7.380428 16.843868
10.125788 10.798389
10.277801 12.194697
13.271728 12.819531
7.995094 13.548589
11.978501 16.128189
8.894023 10.370569
8.503984 9.025201
9.326583 11.974062
8.930028 12.094935
8.457081 11.049690
8.820193 14.096936
10.197861 12.426518
8.110621 12.913730
8.291911 15.549057
12.744782 17.484692
9.385244 11.777341
9.254066 11.978435
9.076925 11.049078
8.599518 11.347373
14.277407 17.277964
9.232016 11.426428
8.149297 10.944509
9.339858 10.686534
9.396652 11.243640
8.151630 10.373987
9.410101 11.828888
5.799631 11.967104
9.024841 11.317354
14.687356 16.156700
9.151412 12.157530
10.743515 12.819071
9.150423 11.921885
9.409316 11.853557
9.377935 8.720515
9.111637 10.223440
8.922771 10.207908
5.041733 13.022865
9.309384 10.749657
10.048289 12.872201
9.248268 11.114701
9.297767 13.480574
14.373661 15.394394
8.392345 9.337488
8.829317 11.922844
9.388190 11.651045
12.798922 17.313478
8.983275 12.133279
8.262535 7.923645
9.977589 15.668817
8.414725 13.462127
9.436045 11.067218
8.686864 11.506865
10.188341 12.136905
9.416098 11.795756
10.219681 16.139557
8.885244 11.518153
8.940849 8.995371
10.648936 18.591801
9.359578 11.999739
14.746337 16.299095
10.212667 12.797586
9.307697 9.417488
9.287322 11.390284
9.234924 10.899532
10.253071 12.536804
8.833580 10.266874
7.936009 18.665699
9.446947 11.502123
10.053468 10.787996
9.108180 12.148956
10.276341 12.619329
6.302501 18.183195
9.230272 12.042427
9.034248 12.165814
4.269784 14.137281
9.147532 10.474737
8.677337 11.243099
8.436964 12.964600
8.529900 10.186125
18.053026 18.656147
9.388194 11.815022
13.568007 17.114105
10.121477 10.731079
7.077011 12.415383
10.123669 15.061355
14.575123 17.749582
8.888630 11.036578
8.616721 13.839980
13.876060 17.315695
9.320222 11.918281
10.732037 14.467774
8.882522 11.777668
8.904541 11.570823
10.510227 15.364759
9.176072 11.481848
14.482385 17.790857
9.145297 10.627036
9.235403 11.728976
7.914749 9.463389
9.303894 13.781750
8.739596 11.117137
9.401984 11.908543
9.301389 11.218765
10.799336 19.247896
8.036812 8.453343
9.361889 11.575119
9.392519 10.950496
9.353752 11.324631
9.249041 11.691448
8.181580 16.214813
10.997182 14.383595
7.840682 10.267492
10.454070 19.240068
9.235307 11.278268
9.309821 10.476015
14.808271 15.631148
7.841019 10.760666
9.080691 15.054704
8.096637 13.680186
10.218382 11.345142
10.844095 14.967772
9.385564 11.226807
8.604146 13.423348
8.835779 10.221803
10.158087 11.968538
10.238664 12.732780
14.895562 16.662252
7.913264 13.192373
9.261558 13.926502
9.014413 10.524218
14.686744 17.590000
9.128832 10.139038
9.388601 11.734683
8.562443 8.066591
14.810825 15.902821
11.117699 11.971835
8.480725 11.270309
8.490967 9.265162
9.428965 15.582290
8.783776 10.447017
7.857858 13.502354
9.690994 13.198043
9.352208 11.528906
9.945353 13.628439
8.933559 12.310136
9.281273 12.144258
9.147202 11.379792
8.928947 11.841107
9.037450 11.914939
9.120868 11.760853
9.177843 10.856530
8.996614 12.250128
9.429968 11.988128
9.472478 11.545578
9.615369 10.406274
8.988533 7.822170
9.394049 11.859475
14.192336 17.521542
8.532621 10.618099
9.447804 8.892141
8.036641 15.605317
9.069384 11.949127
9.058996 12.154058
9.231949 12.044154
8.672213 11.013019
14.353508 17.113316
9.093490 11.696740
9.653735 8.995144
8.344905 10.648519
8.153028 13.890164
9.267756 12.038320
8.311122 16.379662
10.110496 13.321309
8.857430 11.601914
9.477646 11.597404
13.988171 17.542938
8.899678 11.734178
8.574735 10.106112
8.991068 11.488758
0.091997 14.865848
9.300267 11.192375
12.470979 12.582840
8.819077 12.005069
9.737242 9.524673
9.045360 10.076348
9.163718 12.221445
9.491976 11.708596
7.998755 11.119194
9.276649 11.184624
9.029994 13.908138
7.703212 10.487532
9.021089 12.257271
9.421266 10.815373
9.147584 13.799744
8.381158 16.229027
-1.339582 16.040911
13.838903 17.527267
8.781059 7.015298
13.442213 16.687311
9.167000 10.590323
9.774162 10.510734
8.973931 12.117283
9.066712 13.452723
9.816702 13.478548
9.491759 11.742565
12.852674 18.557629
10.074950 15.251081
13.455326 17.799105
2.469985 22.766132
11.930595 18.561642
15.642848 16.236452
10.241004 13.193728
9.398330 11.958981
9.517737 11.240834
8.152684 13.883327
8.739171 11.936610
9.383902 10.969003
9.016480 11.435496
6.660234 20.844389
10.041294 13.580534
10.301655 13.202134
2.914955 18.346663
9.473050 11.220848
6.321815 21.212357
9.321650 10.444011
9.527146 11.773613
9.344355 12.022742
11.724145 16.684441
10.924895 15.019416
14.101160 17.279564
13.728959 17.720282
9.472161 11.393744
8.793186 11.662342
9.076490 8.656854
8.729148 11.846994
9.490175 11.524753
9.998985 9.884665
7.917451 10.616260
8.767075 11.523332
9.099719 10.076991
9.278375 11.075006
7.995453 10.985716
8.782275 11.745845
14.820045 14.659152
8.985114 10.636273
8.496646 13.879609
9.357445 11.339490
9.436822 11.874840
8.811783 18.064606
8.136768 10.190651
8.918824 8.687169
8.213813 12.797593
9.368656 11.095230
9.193933 12.220560
14.746778 18.368765
8.523930 15.433908
8.354218 8.570155
14.116721 17.888578
9.744217 11.940550
13.032777 18.631086
9.446489 11.920375
10.285881 12.834497
9.191241 13.869212
12.792937 14.544573
9.496363 11.244702
9.377471 11.185801
6.825984 12.213599
9.853566 10.250381
14.933986 18.342222
8.750931 13.761826
8.906230 12.175547
8.883735 11.954028
13.981889 17.966961
9.369796 12.032690
9.173514 11.183120
8.861494 11.295771
9.409300 10.825825
9.461963 11.300582
8.196640 11.816626
9.132432 12.336485
8.860622 16.387209
9.313178 12.188215
10.152798 10.761728
9.716923 13.693650
9.063151 11.079179
9.468100 11.947079
9.234719 11.968122
9.648898 15.062300
14.966728 17.908113
14.737751 17.782097
9.424023 11.386314
10.635122 16.589130
9.247309 12.223271
14.519969 17.430470
9.438376 10.916599
8.622866 10.798464
14.975559 18.374182
10.467772 16.285625
8.808582 13.839697
9.529037 11.901847
9.518886 11.328973
7.152200 11.321984
10.178287 11.110502
10.072022 12.587614
8.284426 11.379525
9.763122 15.164508
9.330815 10.909528
8.395310 13.753819
9.414958 12.048114
16.235638 18.442217
9.496840 11.027075
14.799523 17.882597
9.778995 19.469084
9.494646 11.667999
8.909240 11.213961
14.530204 15.132732
9.227959 12.147801
9.362588 10.726274
12.051326 16.280909
9.429256 18.900587
9.253337 12.277056
8.181837 16.299355
9.315222 10.320221
14.725374 17.691664
9.433984 11.151436
8.700459 11.737335
9.082792 12.294520
8.916216 10.381469
6.941565 18.070988
9.370240 11.489784
9.182290 11.123827
10.150572 8.289436
8.326034 8.807411
8.859717 10.655025
9.506910 11.010231
9.461987 11.959652
9.373703 10.798906
9.115257 12.329512
8.527567 12.172340
10.099303 13.694237
9.207664 10.164474
8.911028 12.312997
9.467178 11.638854
9.199172 12.239714
9.157717 12.339705
8.740527 8.319344
8.367493 10.842696
9.613875 13.325673
8.666588 16.189562
12.789716 18.833588
14.630602 17.481670
10.075068 12.255703
9.041002 16.549072
10.861519 15.563728
9.502961 11.905997
8.323598 7.043791
8.504250 13.729198
7.606580 14.859763
8.591089 13.970546
9.831203 16.088552
10.136950 10.591499
9.222027 10.840459
8.855617 12.246565
9.915845 13.355135
14.983297 20.196121
8.932137 11.094594
8.994199 12.288664
9.428953 11.998973
12.697180 13.649229
13.052884 16.043118
5.533505 12.650685
14.507545 18.119642
15.003603 18.208984
8.998789 15.030996
9.440735 11.976278
8.952106 11.840683
9.359996 11.191211
7.942964 13.787041
9.315270 14.081852
14.198902 17.963848
9.486151 11.997074
8.064685 13.709385
9.305860 12.331184
8.918484 11.773848
10.173452 12.059020
7.642594 10.356285
8.868937 13.670814
8.789837 12.232682
9.538424 13.986687
9.118068 11.769995
9.104305 10.629365
4.344606 16.912300
15.071556 18.127132
9.430706 12.233126
9.420582 12.836002
9.105707 12.071926
10.149468 10.337089
9.118911 10.412507
12.765424 15.308415
9.467526 11.580311
9.178248 10.810150
9.444584 12.067922
12.197528 15.695848
9.402409 11.747680
7.818190 10.935500
10.411659 15.898077
8.496351 13.993456
6.824103 11.814648
9.185325 11.941370
14.255328 17.619259
9.318142 12.138114
8.952711 13.899155
12.424018 18.411383
8.162442 10.112942
13.785024 19.299234
9.468279 13.797229
14.994681 16.799122
9.172495 10.561406
9.272775 11.510805
9.181131 11.016219
7.981898 12.262049
9.022228 11.132865
8.044750 15.801094
9.695086 14.054078
9.072441 12.384089
9.481913 10.869586
14.847836 17.513132
10.061759 10.403761
8.713686 7.966226
11.054584 15.946277
8.489408 12.979813
9.306766 10.766940
6.147771 21.537947
10.997997 16.856953
11.358527 13.984975
11.629170 17.044304
9.093371 10.006511
8.607088 11.403206
8.938464 10.555943
9.477068 12.053182
9.441797 10.865211
9.432523 12.126592
9.036583 14.146437
9.111110 11.221584
8.894542 11.717986
3.013347 22.482349
14.708420 17.323961
6.276608 19.010061
8.873525 11.945789
12.826118 17.783978
13.641006 12.839312
14.659079 18.012383
3.207990 15.780601
14.848220 17.984386
9.245943 13.766833
10.157854 11.374420
9.085603 13.740448
8.712307 12.010026
16.379366 17.694071
14.827092 17.448154
10.304941 11.579823
9.116978 12.409424
9.303205 12.297702
9.027968 12.371703
10.893212 11.437343
8.602219 12.747311
10.952547 19.692175
9.294268 12.326109
3.990206 15.939386
9.010416 12.347888
9.333519 11.404771
9.577595 11.667795
9.062903 12.360293
6.743689 12.631970
16.372972 19.695244
9.480324 11.754890
9.329103 12.244847
8.679551 10.140207
9.024562 10.447375
8.682774 10.251711
14.732089 18.232803
13.373635 16.853205
9.328747 10.471344
14.437762 17.986925
11.719193 18.185505
9.527416 12.170769
8.823400 12.130703
7.930177 12.274261
9.509201 11.746565
5.960957 21.163139
8.508971 13.819668
7.924340 8.819752
12.264357 17.248318
9.396317 12.248920
9.381733 14.038220
12.832497 15.760419
11.572306 13.352438
8.845387 12.280808
14.055044 13.940883
7.970050 8.067978
9.180803 12.228105
9.476845 12.066688
9.568332 11.654243
6.086125 21.124323
6.277919 21.446411
9.457020 11.116478
9.286129 10.249838
9.549091 11.496776
9.511637 11.686041
14.909743 16.381273
8.924705 12.307213
9.160033 10.982003
8.302978 13.738577
10.821488 12.805971
10.443296 12.489689
14.859182 17.747169
9.396562 12.319391
13.087245 15.324536
14.671890 18.572495
13.935884 17.994938
7.762097 10.308572
9.411821 12.274776
10.411313 12.486069
10.747671 16.128307
8.745552 9.844584
9.595305 11.586586
14.516730 16.712997
12.371243 14.224748
14.672641 18.313782
8.727043 12.066404
9.532456 11.464770
8.722312 10.907907
9.591516 11.841342
4.388721 12.789022
14.649691 16.343338
9.547732 11.790197
10.642857 14.709565
9.880160 15.001063
14.684997 17.049763
8.561389 15.729966
13.079441 15.276454
10.447321 16.998846
8.110183 11.126289
12.618381 15.647390
3.805976 21.165213
9.322463 12.122533
9.235737 19.799585
7.927399 12.625902
8.807130 12.278141
9.274938 8.169717
9.361091 18.620930
14.552286 13.828133
7.946328 10.061279
9.565207 11.516151
10.365869 12.809374
8.718294 10.992943
9.380463 11.261689
9.173433 14.138043
10.238001 13.004704
5.656220 21.328304
9.360037 12.393890
8.906707 9.883363
13.595408 12.546394
9.210376 11.215643
9.512387 12.242648
9.228538 10.469518
9.545038 8.831931
9.361549 10.291502
11.644855 12.367087
9.056671 12.347900
10.372121 12.199818
9.553964 11.662135
8.354708 13.157866
14.679326 16.589764
14.684437 18.493610
11.113715 18.704132
9.120712 11.459909
8.803764 15.049218
8.987592 13.715707
10.230296 13.524223
9.471836 11.877327
9.447641 11.810042
10.803313 15.640198
9.134689 9.811282
15.372137 18.854931
8.953424 9.686208
10.266593 11.492661
14.970305 17.640911
8.645662 10.894793
14.219460 18.320129
8.466941 11.191560
8.791992 12.264803
9.470483 11.863869
9.255267 15.529910
9.374331 11.964639
9.472116 12.058334
7.263107 20.330141
12.314966 17.494881
8.712946 12.206516
8.825855 10.779896
8.060551 12.014915
12.951605 15.818789
8.655100 11.986127
8.099126 20.562796
14.660702 18.563814
12.658204 15.850425
9.520713 11.072656
8.328841 13.962214
15.039341 18.115042
9.715848 15.144661
8.131290 11.216249
7.865423 13.831246
8.801176 12.309960
9.400105 11.432227
15.234198 15.813680
7.836101 7.992798
8.822910 11.388312
8.148474 14.042304
8.794506 9.505611
12.872002 17.295130
8.619140 10.838292
9.355820 10.451117
8.739259 12.156137
9.600061 11.217546
8.373502 11.604518
9.248449 12.557413
10.437715 12.463602
12.635383 14.560977
13.781735 17.791874
8.882714 12.416532
6.328800 20.924612
12.331300 15.069209
14.712406 18.645449
8.582064 15.161464
8.981380 10.455584
9.393125 12.375988
8.432163 12.040099
10.886435 19.690029
10.589672 16.856073
10.844723 15.784335
9.362284 12.263304
9.579213 11.658671
9.251029 10.057967
11.679453 19.017662
9.594368 11.287607
11.736677 17.245796
10.897193 18.623598
9.267091 13.725140
14.587403 17.667278
12.961216 15.875983
7.603404 15.258451
9.576023 11.998172
8.259534 14.057643
8.995774 12.432583
8.938835 16.592014
8.766234 11.950615
16.335117 18.444801
6.724458 16.969509
13.953969 17.988192
11.242975 16.433477
9.328979 11.234333
9.126585 12.357505
8.959708 12.330813
13.266821 17.995850
11.816140 17.805132
15.233598 17.871853
16.108711 15.325767
8.094282 8.315747
14.181302 17.346876
9.433076 12.356426
8.868675 10.174088
9.476575 11.240234
9.082046 12.367416
12.369441 16.591782
9.119416 12.444036
9.096393 15.342753
9.960888 16.475916
9.412941 15.305971
12.561783 18.041655
6.984314 14.158645
12.341775 15.432822
9.381941 12.354278
9.250169 12.436006
9.389898 10.734803
9.273959 13.148346
9.726789 19.119276
10.947943 17.299631
14.749161 17.991966
7.952339 10.800495
8.648737 9.291622
9.545761 11.652608
8.614484 12.035948
9.355543 12.432959
9.164120 12.169463
8.934482 11.895248
9.042132 9.636652
9.456950 10.746532
8.850673 10.659699
15.492615 20.315752
9.448818 12.147181
9.414675 13.898070
9.923429 12.040560
8.286963 13.116899
8.296446 11.961072
8.383307 11.810130
9.099162 10.434745
9.307880 12.487576
9.138266 12.479717
10.130634 10.465531
9.186475 11.916148
8.543147 9.478649
9.602658 11.769901
14.295905 14.971663
10.724804 17.588095
8.736567 11.347596
12.880898 14.555083
8.672873 8.043875
8.348864 7.569180
14.971507 18.340759
8.851286 14.088184
14.666715 18.720476
14.235053 18.040516
8.701581 9.275249
15.280272 18.695282
8.981464 16.971443
9.182173 12.226405
8.198380 9.871121
8.777550 10.690878
7.732084 13.723019
9.455263 12.012364
9.225183 15.852706
9.095785 10.200730
8.930197 11.779434
8.757389 9.343895
9.497196 12.044314
9.498557 11.946042
8.845122 15.045864
4.885275 15.563157
9.556791 11.262167
9.288555 10.284817
8.994050 12.205554
11.193020 16.389902
12.059759 17.031818
4.262969 23.749846
9.561205 11.080411
11.127542 13.509618
9.221023 12.048404
9.333501 12.499409
10.373926 12.691637
14.453778 16.904135
8.752912 12.420037
14.736677 17.144053
14.850432 20.378246
9.405819 12.395572
9.280026 7.440466
8.103784 10.947295
7.828172 20.150290
13.925560 17.881140
12.205654 14.629328
9.930613 10.537094
9.561029 11.990445
9.512947 14.145906
9.185284 16.959557
8.603145 11.667826
8.826178 9.624741
11.734177 14.451949
6.092019 21.516689
12.330142 15.513861
7.694606 20.716722
9.665936 8.822438
8.877502 12.016522
9.567830 12.101364
8.747377 10.169142
15.459647 17.241423
9.591263 11.017913
14.812449 18.193033
9.426898 12.447354
8.953382 10.248740
9.035325 13.668816
9.602233 15.457513
7.952447 12.725347
9.175122 9.518819
8.963639 10.691849
7.844703 10.995186
7.800756 13.775803
9.023382 11.000654
8.631453 12.129716
8.643327 13.846251
8.692468 9.976870
7.841424 10.501457
9.826593 9.565276
14.629328 14.998437
9.278806 16.284294
9.554852 11.788917
9.490943 11.027348
10.414967 11.883223
9.506421 11.355155
9.550490 11.359593
9.550583 11.485183
12.091487 16.559340
7.070029 13.462027
9.832848 9.262910
13.659248 16.933788
8.949246 11.580079
9.405226 12.444577
9.225028 12.286678
9.593192 12.184521
9.280954 10.114976
11.796701 14.166658
7.729788 15.756701
10.577878 16.136551
10.992047 14.619797
8.842772 11.663459
6.692489 17.454969
14.500054 15.238905
9.448432 12.329046
9.588736 11.100216
13.223234 15.882032
14.604238 17.118118
8.518563 9.784766
10.835882 16.973995
7.426696 20.722536
9.389482 10.669807
2.677965 13.421211
11.165357 13.114698
13.184001 14.845698
12.159064 14.908442
11.558667 16.253210
9.164995 12.375651
8.905751 8.705131
12.771656 15.454581
7.807642 18.690477
8.573385 14.141376
9.354718 9.818499
10.032510 13.434244
11.280774 18.662403
8.784075 10.301329
9.442849 11.322265
8.001712 13.660136
9.126589 12.553068
7.486585 21.086672
11.080263 16.648516
8.680304 9.408422
9.003680 9.919231
10.106722 10.299520
8.126630 13.191602
12.121118 14.814842
8.952696 11.528265
8.655953 11.298994
9.019726 13.846493
5.665597 12.724362
9.568683 10.983663
12.052479 15.191859
8.845546 10.443561
7.743643 20.899673
8.752965 11.871475
8.843460 10.996533
9.373987 12.428275
9.086251 9.632163
8.789623 11.939068
8.647526 12.001300
8.690503 9.078161
8.700544 11.031064
9.584792 11.997697
14.454620 16.017977
12.122048 13.312260
11.725483 14.906918
8.223285 10.523673
8.381754 14.216658
9.514547 12.102868
8.588741 10.282983
9.645296 11.590809
10.373953 12.218808
8.185375 8.633058
9.619483 11.750641
9.353477 12.322474
8.042454 13.561475
8.775101 10.126043
10.887222 15.127617
11.208826 16.512646
9.320234 11.060209
8.765468 18.117725
12.061892 14.683219
8.690624 9.057279
8.966785 10.954069
7.011659 12.597395
9.377061 12.205973
9.519460 11.304096
9.850192 11.905572
9.066484 11.529517
8.604014 8.915518
14.791425 13.480412
9.364169 12.357610
9.539066 12.271543
14.845424 18.883718
9.234637 12.536250
12.573572 15.954808
11.827201 19.158764
9.422173 10.751744
10.433278 12.118578
12.072648 15.587260
12.648021 17.076590
9.671949 11.488605
11.112288 17.132380
8.282125 8.308906
9.199203 10.251648
14.803672 17.187984
12.568623 16.185369
7.628836 16.486355
8.867020 19.337910
9.235860 11.401760
9.619532 11.804720
13.930498 18.423532
9.802139 13.287054
8.548586 9.290319
11.228213 15.186824
11.432138 16.264042
7.859634 9.665800
14.999816 18.903313
13.614723 17.691549
9.385818 11.434966
9.679557 11.610179
8.600767 9.918499
6.915501 20.297575
17.106188 17.523661
9.243352 12.457608
5.456664 21.244778
8.558531 11.762637
8.707277 10.918068
5.654020 22.229193
9.429920 12.311213
13.548857 18.054342
15.588917 18.727200
7.674412 9.287899
8.308807 10.839506
13.039262 15.897774
13.421770 15.712209
15.321270 18.117668
9.467602 12.139028
9.267477 11.673454
11.496486 15.878061
5.877544 21.755991
11.214689 16.278711
9.675811 13.564805
9.458777 7.510740
8.289543 16.486347
8.815607 10.818219
8.956738 9.038624
8.705627 9.181435
9.689652 9.169545
9.465177 12.343501
8.887724 12.341468
14.960846 18.504419
5.040361 15.801544
10.244135 16.137634
9.205949 10.460423
14.967755 18.528923
9.043407 10.968228
8.489934 11.358986
8.972521 17.289520
8.724544 8.911017
8.548272 8.894237
12.657038 14.933569
9.639981 9.159379
9.208010 12.580860
9.152801 10.894199
12.492107 16.414894
8.819943 12.477133
9.606373 11.511336
14.353262 17.768044
9.677244 11.362000
10.972793 16.343140
8.399966 8.651053
13.799858 16.436159
7.974484 14.096031
8.915820 10.441674
10.932887 15.443162
10.415522 11.928171
7.077873 19.515314
9.164155 9.825110
7.714103 13.138780
10.812632 18.045794
9.626041 11.982264
3.037852 22.739017
9.097019 10.746577
9.725976 9.159407
8.871181 11.396469
4.393723 17.693329
10.336317 12.071555
15.196052 17.478806
9.200670 13.201862
11.151360 14.775201
13.128511 15.528280
8.096963 12.629724
8.769318 11.439622
14.166505 18.550358
12.781976 16.645323
8.752190 10.735889
5.941675 21.388048
9.385415 12.083828
13.361906 19.704582
9.501703 12.439778
9.228514 12.651641
17.228294 19.167503
10.576118 12.623604
9.324486 10.986908
15.897687 20.588408
8.491910 19.842051
14.362361 17.314852
9.455351 12.787533
8.003964 9.934060
9.201472 12.504914
9.065692 10.185974
9.566586 12.152388
8.456070 9.458995
9.045454 9.965968
15.118127 18.343632
9.232821 11.296624
9.008997 9.596109
9.613060 12.093416
10.808185 17.006863
9.962667 9.812817
8.743359 9.670250
13.109073 14.295001
11.516558 16.942617
10.243439 15.622820
8.735126 11.582095
6.064425 21.865898
7.245937 21.059191
9.064093 8.745007
11.095008 16.420589
3.708936 15.651814
10.318752 12.175407
10.735949 17.882984
9.570848 12.229918
9.648876 12.125790
8.658951 10.177235
9.487817 11.593336
12.457007 15.410655
12.152989 15.482316
8.943771 11.969912
6.938931 11.782477
11.064218 16.017246
8.811213 10.690811
8.681652 12.033945
9.646347 11.473722
9.256969 12.622162
16.565651 17.850876
5.082928 15.374784
9.511032 12.075189
9.294445 12.316994
5.933372 18.243237
14.279812 17.834005
10.121228 12.851693
9.023170 12.276180
9.364664 10.063834
9.394506 10.665930
14.424707 17.453745
6.500638 12.917920
9.459898 11.358714
9.485532 12.161938
9.558956 12.378652
9.010547 9.398507
13.248337 15.854692
10.317656 17.747578
7.848257 11.889195
8.606028 13.939336
14.674217 18.299946
11.115863 16.747458
9.680999 11.263854
8.709840 11.496808
13.961481 18.026505
9.129777 12.411290
8.690323 16.568863
8.285856 9.333072
11.082714 17.149927
14.244177 17.346146
7.930909 17.034599
9.594482 12.290843
14.424121 18.024042
8.635814 9.493455
8.628168 10.324668
10.713692 16.035437
8.987988 11.254357
10.601367 15.377947
14.747083 18.952337
9.050811 14.123299
10.136823 13.494268
8.432418 8.922729
9.051393 10.536190
7.907203 14.034248
9.025832 12.623438
8.648460 10.603434
9.261989 12.417641
8.969516 9.254071
9.108808 12.547360
8.810616 9.395309
9.310627 12.579545
8.737736 10.233167
9.323799 10.458289
14.325149 18.356693
10.478591 19.035202
9.154772 10.333642
8.114675 11.216733
9.676672 11.729894
12.471848 16.078257
8.956378 9.902037
15.518133 18.235594
9.616296 12.147077
8.608553 8.797394
8.830667 9.488808
12.322949 15.822977
9.681423 12.251433
7.815141 13.492045
8.555069 10.419688
13.066511 18.034449
14.451420 18.241762
7.742904 11.040430
8.731767 16.936668
9.454811 12.288051
9.414095 12.649086
9.685163 12.162169
8.793406 8.910844
9.298507 11.667770
9.579957 11.583609
9.315800 12.587581
16.636969 17.497616
11.915507 14.528485
9.995858 19.830093
7.902376 16.434998
9.406723 10.505395
10.095840 10.069231
8.693274 9.286963
10.003459 13.227338
9.071417 10.117869
12.330959 14.032949
13.402386 14.694872
9.556090 12.395959
8.541826 10.857018
8.293969 11.367455
8.809835 9.357996
11.209964 16.008724
10.538182 18.048019
9.522457 11.548860
12.321980 16.496469
8.446615 9.628504
10.425762 13.240123
9.538510 12.095423
8.988539 10.821572
8.612613 11.735821
10.910301 16.638210
10.062537 10.334561
8.499440 8.760720
9.541985 12.443657
11.903497 15.205981
8.140640 9.825380
8.612406 9.806877
8.435143 17.067417
16.954792 17.557856
5.397372 21.264277
8.626537 11.672376
6.900950 10.814860
8.640445 19.404528
8.560453 14.159483
7.792897 16.878613
8.080918 14.109018
3.370051 17.238894
4.279418 17.430870
9.228899 10.475369
9.830626 12.194478
10.011754 13.552791
10.737273 15.728115
8.891084 12.269401
8.847463 14.265594
8.918231 10.176690
10.132144 16.911179
9.174886 9.965161
15.603415 18.145418
9.383517 12.643184
9.153973 10.134974
7.970426 11.237862
6.672500 20.124273
9.415419 10.103292
6.979233 21.162477
8.284357 14.047630
8.920257 12.596985
16.943905 17.314857
9.099957 9.884108
13.706032 17.078199
9.493842 12.295257
9.070535 12.599727
8.943352 12.386291
8.712150 19.432028
9.809682 8.401545
8.813616 10.091305
9.069571 10.553693
5.523673 15.786467
7.598227 17.136488
9.314656 13.303710
8.529389 16.902790
16.222630 20.600119
9.422379 12.649979
9.362598 12.443454
8.951938 9.176455
9.206062 12.563781
9.189270 12.578325
9.297325 16.968954
8.334565 9.048784
7.449277 16.759405
9.552867 12.449032
14.763241 18.946466
13.019777 18.076401
8.444093 10.055188
8.740373 9.669888
13.951138 18.223188
9.440715 10.605926
9.610639 12.297855
8.337184 7.792417
9.228722 12.531402
9.100971 9.561314
7.102215 20.889278
12.145966 15.663355
8.291384 16.612007
7.914136 11.313732
6.179766 20.475044
9.667156 12.251196
9.656363 11.304327
8.526606 10.074191
7.739089 14.202810
8.850782 10.466248
9.287425 11.433673
14.433601 14.887809
9.308398 12.652383
9.310848 9.986657
10.437038 18.922857
9.342994 8.212097
8.899829 12.332283
8.867208 9.368608
8.806135 8.878472
13.752606 18.156155
8.813304 9.679631
7.791870 16.831980
9.338596 10.695977
10.843633 12.299281
9.553156 11.045249
12.449995 14.591490
9.754022 16.471972
9.503557 8.512404
10.971932 13.413970
8.971993 12.602963
9.118834 11.184730
15.685078 17.649179
9.481387 10.601652
12.411316 13.847425
8.778941 9.559321
9.325236 10.387542
8.481566 9.397062
9.208138 11.715144
9.042300 9.557797
8.820558 9.152550
9.515981 11.681063
9.648754 8.622934
9.126228 12.573900
9.495465 12.652872
10.068537 10.676254
9.356866 10.153750
8.548608 9.995849
10.877386 16.618744
9.907089 13.914226
9.027841 9.392592
9.615385 12.303402
10.073874 17.450539
9.078456 14.303106
9.444241 12.245270
9.680209 11.120632
10.078460 10.083387
8.935709 12.124757
15.059648 17.359411
9.063750 12.669356
9.216062 19.001411
5.818408 21.720242
8.456456 12.062567
13.410389 17.747206
9.243751 10.254457
7.500140 9.449208
10.604200 18.113327
8.562855 10.120751
9.105256 14.312674
8.815901 13.733541
11.394345 16.236641
9.313703 12.396551
10.022858 20.496023
8.485263 11.923719
9.556898 10.687820
8.926722 9.630369
8.924151 9.447595
10.369736 11.868035
9.494576 12.301377
9.627247 11.028494
8.566459 9.802858
3.566495 17.273033
8.913253 17.182350
10.730759 15.976311
13.325597 17.939970
10.947862 17.425751
11.094248 15.774370
14.966879 17.720129
13.051264 18.924646
14.612279 16.574728
13.177440 16.747765
10.381176 16.171499
9.615254 11.606839
10.433718 18.140398
8.426643 11.703144
11.681177 16.341663
11.167070 16.090414
14.982364 18.867573
12.944334 15.426065
12.832095 15.900770
3.387527 21.747692
9.207054 12.238669
10.613829 18.397707
7.163578 21.238596
9.560284 10.768516
9.635854 12.236457
8.775126 11.715000
15.202591 18.776779
7.345956 17.068571
9.647336 12.347310
8.706800 9.007471
15.320628 17.870218
8.276787 11.509723
9.362967 8.068038
9.466765 10.363028
9.985421 12.581973
11.834650 17.410095
9.616488 12.120204
12.697328 16.160616
8.652262 11.905438
9.169794 11.624556
8.064429 12.163913
8.841679 12.609754
10.996477 18.037441
9.761392 11.876534
10.008129 14.155348
10.785594 15.379351
14.455242 17.074629
9.638865 11.377699
14.587942 20.521540
9.105196 12.684088
14.642666 18.741138
8.338173 9.304009
9.324124 17.444490
8.847414 11.144954
14.244184 20.412010
12.205526 14.619113
10.432836 17.468107
14.478165 19.370161
9.299775 19.229244
13.874940 20.390366
8.724867 10.001586
11.719663 16.251383
9.158735 12.723496
9.277379 12.259408
8.848305 12.637311
11.166362 13.786254
13.063655 16.337854
11.555593 15.624776
8.331641 7.472600
9.729522 11.967389
8.977527 11.475760
10.037555 14.051558
9.753226 12.059809
10.563475 12.967761
8.844226 9.445579
8.715158 13.855222
8.355632 17.058277
11.343493 17.392342
6.372407 21.590017
9.677506 12.014089
9.693807 11.935683
10.386712 18.416594
10.429886 13.003183
13.075323 14.474098
8.526711 9.407699
8.874291 9.144418
10.076959 13.679534
9.613609 11.901402
8.566085 8.812406
9.133548 11.977440
10.225463 14.680518
8.891292 9.051764
8.454092 9.709271
9.289177 12.138738
11.417933 15.713260
10.663352 12.696433
8.681348 10.919256
9.894180 16.602367
8.708849 12.108417
9.291643 12.492476
9.608788 11.841296
5.403399 21.017593
11.850013 15.794662
12.724463 15.302700
8.876684 11.430303
12.757885 15.800666
9.271785 12.517730
8.705153 10.173678
8.762959 7.840634
9.713408 11.833381
7.055089 16.773279
10.457987 13.370528
9.176311 12.530990
8.920753 12.121181
10.892927 16.801588
8.251822 14.299460
10.897976 16.864611
9.614020 11.391098
10.357572 11.751678
8.817382 11.489815
8.952405 12.255336
8.582552 9.940756
9.706236 12.039566
8.863459 9.772061
9.425517 8.322656
9.897340 11.693012
9.152189 10.387375
9.176497 17.925140
9.730366 12.022708
10.663873 18.143614
10.112518 17.974558
15.448946 18.823050
9.642877 11.687184
7.773635 12.882669
8.699410 10.298623
8.784191 8.877175
10.187642 12.933520
9.404226 12.720741
8.468549 17.369257
10.249240 16.023323
8.801414 19.330595
8.794798 12.382089
8.582813 10.365134
10.310430 12.796093
9.288439 10.317234
10.612679 12.983838
9.447519 14.312003
3.398981 17.212744
8.999822 11.936059
9.597233 12.136110
8.404393 8.698120
9.940281 14.689667
7.061112 17.154470
8.922125 12.678011
15.015663 15.198158
9.555980 14.279404
8.620756 10.460027
8.791977 12.613788
9.098351 12.311287
14.070168 17.101048
9.014481 9.799521
10.056475 17.837673
9.459950 15.605651
8.749006 10.659011
8.530327 11.251822
8.429063 9.284884
8.026162 9.772960
10.283237 12.988266
8.061393 11.219257
8.878947 10.733197
14.177501 19.198963
10.549356 12.541842
12.633308 15.603321
9.366653 12.001733
7.182346 16.792185
14.502476 16.183617
10.993387 16.109306
7.915837 14.362495
6.959806 12.198181
9.716967 11.731339
8.143682 19.827673
9.741703 12.256039
9.009568 14.276347
10.422670 11.215441
9.008009 12.637094
9.664087 8.879478
8.356932 9.647581
8.940439 10.789876
14.753589 16.995901
13.191999 13.999688
8.850142 9.075608
9.627901 11.172203
9.574015 10.843053
14.320674 16.995739
10.282850 10.602833
13.649261 15.621996
9.342160 10.112967
9.317141 12.176750
8.970608 11.935463
8.620835 10.776402
12.544317 19.158840
11.542302 15.744984
9.603128 12.635413
14.377639 13.612670
7.677786 20.993948
8.487486 8.762094
9.543231 12.094308
9.685171 10.891869
8.914578 9.379730
5.515589 13.114654
8.955780 9.131425
14.028828 16.967127
11.763753 16.769201
8.906213 10.693620
15.351418 19.033321
6.641348 21.539043
9.556271 16.902039
8.912507 12.640598
15.208291 14.407970
8.843776 9.539104
9.065059 8.859005
7.958775 11.487573
11.657603 15.760577
8.857719 19.946522
8.795258 12.620601
12.616227 16.151886
9.936837 15.384250
8.799556 10.302434
10.687238 12.564011
8.755488 14.329503
12.914871 18.097099
9.284634 12.616112
8.913238 11.327517
14.702373 17.776892
12.123941 14.681325
11.417931 15.844558
13.051671 17.134190
8.672542 16.308878
8.970561 9.655364
9.004674 10.456197
9.477488 12.057534
7.790561 11.150592
7.866259 13.927794
8.510225 9.583056
9.748362 17.306829
8.489191 7.512779
8.858870 11.963706
12.445134 14.186729
9.422574 10.460894
6.912879 16.603724
11.481862 15.180824
7.960396 14.231507
7.107493 17.058790
13.479312 15.295927
13.276002 16.173197
11.720373 16.290781
10.726389 14.291505
8.781312 9.098490
8.657973 11.883585
9.754977 11.840998
8.474557 11.632570
9.693924 12.321153
8.276901 11.131878
8.485725 10.088567
9.261154 11.512262
8.840876 9.045016
10.357277 12.752872
8.506886 14.004085
10.145119 17.348125
11.307806 15.586863
9.611458 18.071478
8.588190 12.828815
9.233317 10.115788
8.299654 9.018356
6.649685 12.732767
11.590548 16.246040
9.132146 11.763277
8.576810 10.768484
10.823708 16.365694
8.984518 9.462446
13.371933 16.132160
8.930875 9.145329
14.965755 17.031204
9.585473 9.003037
11.353527 17.358671
9.760810 12.064440
8.124705 15.776589
10.169042 18.270947
14.719398 17.830444
9.506947 10.919651
9.416658 12.800116
9.454894 10.444658
9.572754 12.613313
7.917069 17.367519
10.337328 12.597870
9.156979 10.051111
14.858534 17.213100
14.437983 18.475866
6.305137 18.200201
8.992837 9.991912
8.549729 9.860123
13.606602 15.535339
14.183357 17.843803
13.688562 15.334844
9.178596 11.056004
9.821289 9.000499
9.920382 14.097397
8.395472 14.273802
9.247100 17.523176
8.861449 11.227290
15.488450 17.962641
8.727492 9.986140
9.237857 9.612640
8.600166 10.150159
11.504351 17.130440
15.462797 17.385542
10.110178 18.558187
9.656410 11.101241
7.330006 16.649002
11.046647 16.455818
9.211197 9.378537
9.753343 11.803538
14.756995 18.036789
9.660481 14.166669
12.204172 12.483028
9.539552 10.955297
9.472466 18.448833
9.705329 11.738186
8.692031 12.597423
7.263714 15.809062
15.460831 18.938246
8.673552 13.909278
10.090986 18.046553
9.603011 11.915851
9.708824 11.267032
8.109985 13.552468
15.891329 15.028397
14.193959 16.194931
8.928410 13.332438
8.277430 16.419598
9.797493 20.308874
7.519701 16.813242
8.230393 9.499294
9.693005 10.574391
12.724552 16.292667
5.397937 20.693703
9.430691 10.254940
9.830700 15.539108
9.658494 11.534866
11.446283 15.997380
8.661832 9.781206
14.653528 17.135197
8.225802 10.353464
12.749790 14.829754
8.176386 8.520097
9.737579 11.625849
8.495155 11.273612
3.083964 16.757061
9.058556 13.950644
9.537449 12.504352
13.791255 20.362011
8.915620 9.912043
8.097524 11.486059
10.719805 12.869738
6.622233 20.607216
8.132895 9.500354
8.818519 12.541301
9.275842 12.691514
15.383101 17.675465
9.625586 12.647347
9.715079 12.399938
9.707789 11.887869
8.267139 9.263793
17.335182 16.389532
8.951937 12.730760
9.224005 12.813794
5.683084 22.396645
8.664789 12.490921
8.905019 12.458233
9.164132 12.860925
9.438283 12.464851
8.874397 11.775455
9.176682 10.200652
11.034438 15.149862
13.510612 18.181072
9.089859 10.202269
9.126130 9.687792
10.199594 18.035101
13.237040 13.875450
9.414430 8.353187
11.024603 15.671858
9.049359 9.432547
8.560950 9.051337
12.381642 13.934113
10.044847 18.567112
10.340975 17.180807
11.558839 16.906313
6.612062 16.746227
9.644058 12.434651
9.058644 8.868181
14.693604 17.851435
8.844454 9.111243
8.770418 11.884068
7.913836 17.142494
9.160594 12.840508
9.536826 10.536040
8.590316 9.335294
8.362537 9.013329
10.622745 17.671761
8.512010 10.706682
8.151847 9.157895
13.178843 18.070501
8.802185 12.678381
9.663713 10.841996
9.069969 9.394494
9.114916 13.599047
11.358851 17.315462
6.909299 15.148772
7.730469 14.252916
9.597120 12.660169
9.734240 11.232299
11.864550 13.532037
10.987318 16.723543
4.923367 21.982708
9.034376 9.580160
8.503613 11.013408
9.157642 10.938844
10.133746 13.618725
8.003192 16.785425
14.466471 17.524279
9.419738 11.000220
9.265178 12.459050
8.948946 9.384375
10.290367 17.518377
9.215549 14.342784
16.034479 15.525410
7.674232 15.352569
9.319606 10.580565
9.750499 12.474286
9.596578 11.080038
8.489305 10.017973
11.121948 16.611916
9.498632 10.090357
9.418131 12.537995
8.861790 12.698521
8.514678 7.842917
11.940163 14.958831
8.399609 14.058913
9.418654 11.645577
9.196313 11.306563
13.371779 18.749331
8.689435 11.813826
8.953882 8.879040
14.757465 16.820953
9.306692 12.807896
10.012725 17.689404
10.852027 15.835688
8.993580 12.191353
7.974897 17.298512
16.859180 15.396470
8.330760 9.865081
12.667390 14.379584
8.892350 8.698220
15.250200 17.043697
9.203571 12.871313
13.986951 18.002752
9.744870 11.585392
8.198537 9.081520
8.964941 8.955156
14.408273 15.544781
9.485972 12.417367
9.514232 12.422735
9.318706 11.799476
9.404115 10.089272
7.521338 16.166048
8.818209 12.668987
9.596469 10.936314
8.595051 12.807958
8.460864 9.858004
8.353296 7.413309
7.565259 17.037973
9.638885 12.340825
8.681195 11.964673
8.996409 9.324588
8.854422 11.564995
14.578164 17.008343
9.531064 14.188745
10.493195 12.578014
9.947702 16.923304
12.391791 16.183117
16.486893 17.549809
8.117490 12.693561
9.739569 11.663927
15.701651 18.686708
8.177729 19.358730
9.757309 11.122424
9.122183 9.264023
9.199574 9.404783
9.647646 12.353744
9.750054 11.400350
8.492405 9.475039
10.467700 11.703782
9.071840 8.364204
8.748655 11.992036
7.517092 19.523880
8.380475 8.530746
14.346095 18.321396
8.831081 12.772645
9.448261 11.119144
9.388395 10.171672
7.599393 10.873600
8.515413 10.376260
9.699731 11.478481
7.840715 10.979192
8.834210 10.915706
9.564898 12.747802
8.608987 8.698829
8.076217 13.411699
14.377870 16.127846
9.981724 14.519140
9.666380 16.983360
8.968435 12.371598
10.057132 13.924747
10.708976 16.584036
9.067146 10.351124
8.534391 10.464942
8.932220 12.169729
8.280008 8.857999
9.092440 11.968463
8.204835 11.052661
8.683485 8.745260
10.849812 17.855175
8.852881 12.785491
8.793563 10.791349
9.675092 16.681120
10.505677 12.556396
8.704057 10.497167
11.679377 15.051218
8.362655 10.005920
9.043048 17.459139
8.370761 9.961459
8.761585 8.540823
9.059986 8.337980
8.725586 9.950467
9.047848 11.973848
9.236053 12.887701
9.365204 12.695635
9.776252 11.831505
11.483290 14.296760
9.184417 11.987049
8.732133 10.577216
8.615309 9.333007
5.985031 20.411774
12.846438 15.433051
8.984248 16.876390
2.501144 15.677733
8.764160 10.751279
8.987498 11.597034
9.664962 10.831865
8.795449 10.440037
8.597433 12.438093
12.928892 13.566257
11.870522 15.727113
9.770863 12.082838
11.796149 15.018544
3.546102 20.332352
9.696381 11.501258
9.810619 11.928683
9.679102 10.689031
9.447050 7.693767
12.273414 19.373236
8.802945 8.880985
9.379494 12.891454
9.788938 12.206767
9.110538 10.673021
14.279332 17.365841
9.009790 16.343460
9.274240 10.284472
11.282066 13.394847
9.680333 17.079807
11.911484 15.344000
8.427408 11.621432
9.007092 10.395907
15.035597 19.103853
9.378494 12.712035
9.068734 9.757901
8.583285 9.107585
10.766984 13.023643
15.285995 16.649023
4.628620 21.605753
15.073815 17.552427
8.565539 17.794661
11.774961 15.451167
8.190740 11.976533
8.571045 9.458830
15.698284 17.777374
10.269975 17.468632
11.440902 17.330797
9.752359 11.698328
9.561993 12.750613
9.832330 11.868495
1.660917 23.459391
14.756351 16.255089
11.383805 15.798829
5.556990 20.856981
9.840108 12.143399
9.788855 11.810239
13.312600 18.948519
10.328520 18.597359
9.560147 11.964128
9.594770 10.787026
12.956035 16.198528
13.031730 15.197161
9.520487 11.066374
9.425099 11.267522
11.543003 15.027862
8.899429 9.648031
9.576036 12.885278
9.428719 12.610541
8.677835 14.107850
8.468293 19.341707
8.849525 8.720898
8.584041 11.270533
8.151733 14.366882
9.053861 10.920756
9.721886 11.267789
9.185132 11.104617
9.607568 11.415689
11.278812 14.620196
7.786630 11.287357
14.056642 17.870619
13.130977 14.028568
8.044936 14.197088
12.199726 17.520109
7.659187 16.166700
2.938125 20.898458
12.976960 17.289108
15.816890 19.137060
9.524047 14.377630
9.373304 9.790044
8.140425 9.783696
10.523419 18.719246
9.057740 19.937840
8.635628 12.037294
8.372087 10.064746
9.694402 11.060071
10.166617 17.641718
14.871840 18.597776
8.567276 11.200344
8.521015 12.409834
8.792696 11.430264
9.105756 10.204487
9.707310 13.233487
8.823662 16.258131
11.349411 18.163982
12.638290 14.311520
8.729279 11.582220
11.395073 13.218467
9.323680 11.383629
9.326351 10.276611
8.680234 18.320429
9.416060 10.127529
9.441221 12.663551
13.029020 16.270788
9.825522 11.723429
8.726779 9.522660
10.222044 12.847565
9.033621 20.169775
9.276975 10.028235
9.654496 8.541984
9.135975 10.967189
9.771525 18.311697
14.818932 16.738272
9.454926 12.663932
8.443659 9.194138
7.535754 14.034923
8.882587 11.980821
9.746591 12.444036
7.138519 16.593092
9.780791 12.179767
9.588422 12.504653
9.101851 9.623819
8.077076 9.415746
9.795353 11.693700
8.536938 9.795032
10.099332 9.901108
11.183623 13.010894
9.055068 12.826440
11.073150 12.861797
11.366426 14.790120
9.354834 12.914018
15.002688 17.943441
9.273705 11.188108
8.470034 10.564103
14.219533 16.377867
11.205467 15.295428
10.062622 17.031590
9.093498 12.962503
9.170189 11.868169
13.750655 16.905918
8.053359 14.260777
8.633339 12.670904
12.756058 16.537661
15.616294 17.163107
8.361147 20.176216
8.880507 12.539176
11.514344 13.201506
15.080556 19.178944
9.234562 11.506978
10.520517 12.301232
8.495312 17.789288
8.758335 11.358238
9.036074 14.143909
9.047512 11.231119
9.937087 18.112217
9.734696 11.750872
7.769779 10.898067
9.570080 11.235604
13.072941 14.249691
9.704972 11.346745
10.711709 13.702276
10.819269 13.846468
9.240412 10.895010
15.380229 19.183270
8.693354 15.148582
9.520878 12.828838
14.990611 16.808727
15.576723 17.166998
8.702157 9.862137
8.766235 9.358754
10.461289 17.550604
9.592472 12.740664
7.993145 20.928741
3.143517 15.480808
9.343316 11.047504
9.491837 12.565022
8.789804 12.333383
8.185808 13.683145
13.105803 16.862011
7.988470 13.257392
13.473344 15.679861
13.655740 14.783214
8.973469 10.475666
8.972643 9.111094
10.085577 14.044384
8.706873 9.300014
11.732868 15.009662
7.508051 13.843049
10.284206 18.745247
8.346998 8.515877
6.796464 21.222124
13.757333 15.029693
9.505378 12.838196
8.734285 11.474603
5.759207 19.326267
10.921800 14.731360
8.164504 19.564594
7.974894 15.669830
10.067709 13.642110
10.430810 11.548594
14.682612 16.655510
9.097518 9.560825
11.366321 15.362228
14.136082 16.702309
8.142413 9.715162
11.252291 16.294615
8.706571 13.802869
14.850630 18.283859
8.960874 10.321681
12.021276 15.780772
9.634914 12.783848
12.585919 14.186770
9.063974 12.319078
8.646085 9.421474
8.493620 20.355175
9.242528 12.900606
8.573409 8.462884
10.377845 11.511354
9.919369 19.307196
9.348850 19.659384
11.294243 14.262853
9.467799 11.631112
13.539410 15.629058
5.442533 17.244934
9.700178 11.174864
10.745121 15.070895
10.488249 17.350737
8.372886 8.797777
9.423005 12.090789
8.841420 8.519873
10.881997 18.695423
15.627649 17.615986
8.955762 9.398228
8.743897 11.373089
12.430921 16.393991
8.436297 16.100410
9.265842 19.745274
13.476628 13.845945
9.599792 8.466578
8.537616 9.984400
8.267571 9.945005
15.185987 18.820402
11.118114 13.912938
8.252998 9.985104
8.563572 12.582712
15.346706 17.735138
6.146226 16.861765
8.883334 8.736825
15.113731 19.072090
13.179838 16.437382
13.597624 14.518888
9.457439 10.254100
9.086792 10.789698
12.126155 14.765794
14.357350 17.697531
9.209614 12.861407
12.678500 14.990639
15.386540 19.438639
9.785595 11.389404
8.708513 12.755573
9.952637 16.787489
10.474342 13.561729
15.617993 19.316639
15.473288 18.903252
8.572222 12.141804
9.494031 14.501398
9.744817 11.053132
14.015466 18.198624
8.925357 12.802571
9.658051 11.372129
13.077294 17.991903
8.788868 9.424047
12.074987 14.589205
8.911857 12.955938
10.100943 17.801880
7.934763 11.346177
16.764200 19.654364
8.441297 13.410361
9.000388 9.147527
9.362996 11.007665
8.555492 12.247751
8.427642 10.025689
11.180847 12.727688
9.116371 9.508123
8.066895 9.751078
8.416794 11.893035
9.827833 11.852815
8.436996 17.520197
9.735118 12.593215
7.204658 17.243713
8.375165 11.862529
13.201203 14.891786
13.290158 16.521969
13.081870 16.535646
9.516562 12.670013
14.130962 13.658374
9.676867 18.277685
9.683936 16.978127
10.462772 14.807625
9.836377 11.662268
15.424583 17.306931
9.548468 10.563111
8.841634 8.766277
13.465761 15.400402
11.918582 15.644570
8.823459 11.833014
9.583079 9.991852
14.575143 17.577120
8.712000 19.521648
9.641958 13.999490
9.484943 12.923203
8.795424 9.170608
9.670742 11.074809
10.982854 13.296905
8.094266 9.083292
9.481516 8.207240
11.042699 13.190531
12.626167 16.023216
6.281003 16.314062
8.744143 16.386770
10.611873 16.579937
9.484329 11.872777
12.861750 14.697476
9.004475 10.541583
8.568713 12.311637
12.736563 16.551477
9.389874 19.631802
8.644970 12.559058
9.657187 10.512799
9.149267 9.496428
10.110134 18.729359
9.667654 17.939411
13.609662 18.544544
9.830458 12.300314
8.518615 11.750196
9.771758 12.156289
12.972080 14.774043
9.093795 12.891932
8.722258 12.368482
9.300734 11.180919
10.091891 9.756220
9.007478 17.412888
5.243769 19.880320
9.275109 12.185047
12.996054 16.110830
18.607985 17.928114
7.069784 14.512321
8.973986 8.793299
10.430720 11.328641
9.752379 10.935143
12.805539 14.694719
9.552341 17.837997
9.480273 11.307644
13.533607 14.611006
7.691558 14.190194
9.855577 13.769318
9.146811 11.858220
9.261573 11.329725
8.054901 9.104342
10.368229 15.831590
8.588601 9.451066
4.759427 12.777607
14.492249 15.875863
8.780503 10.569987
9.085634 9.106856
8.583241 11.697181
10.470915 16.575575
13.758284 15.125139
7.956683 14.494918
9.610024 19.621782
8.492460 12.425122
9.582100 10.637691
10.940663 18.831020
8.814466 10.686464
8.632466 12.764100
12.057240 15.519043
8.573507 8.719509
8.315391 10.368316
9.779469 17.640265
9.096420 9.160582
13.501083 15.169411
12.110358 15.217632
9.463943 10.467908
6.980857 19.899252
10.056293 17.994120
8.610180 11.326448
8.830080 10.845047
9.821515 11.580702
8.900155 11.076483
8.486823 8.762420
10.126028 15.991532
9.058221 9.677610
8.725330 10.864274
15.754789 17.323837
8.833290 12.780067
8.557443 10.597733
8.179849 9.893352
8.673698 9.419788
8.987504 9.067122
14.092494 17.025196
9.319444 12.669713
9.813042 11.186099
11.826218 16.112793
9.234582 12.703238
8.815547 9.343410
8.881112 10.487250
9.189686 11.220214
11.278633 14.645308
5.517750 13.332927
9.381040 9.649009
9.774657 12.463437
6.987841 17.485489
9.937404 8.630621
15.887246 18.337114
8.939659 8.966198
8.568619 8.874543
8.398726 14.278024
8.117742 9.022025
4.911880 22.123283
12.579907 14.819264
11.493731 16.488413
9.060589 12.951244
9.908467 12.110302
9.011500 10.180999
9.681069 12.321171
9.821064 11.956386
2.604084 17.161306
9.511968 12.666232
8.430394 10.235641
8.960052 12.038437
9.428472 9.947848
8.626980 14.016463
12.429450 16.458445
8.917622 12.658702
9.627090 10.436959
9.565492 11.045951
11.782169 16.975161
9.866160 13.940366
11.340404 17.804380
11.718138 15.044482
10.022328 13.931940
12.022458 13.038523
8.700477 12.827880
9.620092 13.617095
10.246155 17.197107
11.533660 17.906136
9.871765 11.951516
9.548196 12.662062
10.666075 12.060627
11.083531 16.744732
8.670910 11.050137
15.463023 19.087517
9.651752 18.105272
13.714901 15.504005
10.904190 18.404562
17.369001 19.779314
13.887716 15.849275
9.693584 11.723065
8.720453 8.436925
11.446220 14.206483
12.278691 16.325037
10.213952 17.553286
11.280778 13.517350
8.542544 9.926929
7.528788 14.527287
9.678381 10.430854
9.781205 14.129376
12.934525 15.569525
8.490789 12.129678
8.984164 10.732946
7.758870 11.152236
8.614326 12.145730
9.428033 13.990969
8.511147 8.962984
5.226275 22.203478
9.430859 13.119801
10.631079 15.756243
10.684200 17.795172
8.798092 9.290314
9.881412 11.821716
12.005474 16.528879
8.443995 10.347418
11.651345 14.900939
10.207671 12.423247
8.095724 9.888543
9.345474 12.997486
4.072999 23.282528
8.466386 11.843981
9.587923 18.619564
8.442224 10.044806
7.199343 10.903328
9.002039 9.462865
8.164223 17.435333
9.082840 10.515218
8.782973 9.662101
9.027164 11.922241
8.489949 10.198970
9.802822 11.917423
8.940192 10.615959
7.843272 10.809023
8.860755 11.423760
9.035447 13.868659
9.334837 10.074458
9.459805 13.100533
9.718671 12.316871
8.238015 10.095017
7.881628 14.595074
9.827728 17.874346
9.796187 11.148922
9.894014 12.391045
10.770594 14.833843
10.133507 11.617373
8.476431 11.748777
6.171609 17.431566
8.547730 11.310831
9.204647 10.076504
9.689400 10.876925
9.011119 8.706231
9.143891 12.500775
16.119965 18.502548
8.553218 12.732518
11.017264 14.998633
9.812422 12.658029
9.793800 12.277842
10.705271 15.723357
8.652734 9.977876
15.804581 18.274813
9.178983 18.122175
9.231027 12.944662
9.744220 11.004014
9.345651 13.084139
10.835228 16.047976
11.633168 18.938347
7.778537 16.316753
10.358696 18.046356
9.070956 10.437583
9.242995 14.172988
6.912689 13.653684
12.503637 17.057335
9.336439 9.879530
9.155046 9.275900
9.346372 10.382825
6.053935 20.989037
9.870163 11.810104
9.282034 10.549204
10.258189 15.967942
5.305910 12.854460
9.012795 9.422012
15.621498 18.631805
8.757962 12.205112
13.114546 16.505600
8.834754 11.963320
9.080876 9.883949
4.214874 21.874779
13.081134 16.787491
9.552258 11.629401
10.133207 12.293980
9.734986 10.740141
9.859052 6.950659
9.854177 11.742762
13.829041 16.755516
11.802506 19.863165
9.909677 11.884936
9.622089 11.570518
8.899630 14.554777
9.711469 11.466606
8.512218 12.589361
10.193079 13.077877
9.490662 10.025987
11.217628 16.096468
9.142053 12.365001
8.666836 12.559999
7.538054 12.971319
9.114771 10.390410
8.971857 9.514153
10.182314 10.178542
14.107377 19.105827
11.210368 17.606670
8.100609 14.277405
9.694514 11.288736
14.760328 14.388549
11.432651 19.842865
9.912678 11.611427
8.676835 14.391018
9.798489 12.747386
8.785097 8.360096
4.838685 15.694731
13.572511 16.922779
8.952028 11.838939
13.351420 14.570601
9.022193 12.538138
9.670768 10.556501
8.822659 11.372409
8.601174 12.868088
9.504493 11.116838
10.315961 11.064971
15.505163 15.649490
9.201770 12.342322
9.360904 9.721701
8.806843 17.639847
10.559553 18.894548
9.589197 10.412619
7.333628 16.645592
9.332632 9.434985
10.031968 17.249323
8.445563 8.864285
9.332548 12.724298
9.909410 11.789435
11.532705 16.199324
9.337693 12.641779
9.030383 17.967892
9.450446 9.960730
9.265425 10.832576
9.928144 14.102712
8.676996 12.827626
9.805429 11.637578
13.834981 15.917907
11.565958 17.059032
13.950593 18.551847
8.448224 13.060403
14.981791 15.808683
9.489380 10.403721
7.952583 11.225181
9.051177 11.738245
8.383441 10.310595
9.173530 10.602145
13.831123 16.355175
9.849165 12.152928
8.601280 16.564693
10.783326 18.488579
10.694947 13.450314
13.900959 16.303144
9.386456 11.261655
9.132684 9.760887
15.793459 14.383906
9.897618 12.324112
16.032810 18.253305
11.631395 14.768681
8.527092 9.982996
10.913611 13.596334
10.228765 18.770411
9.826706 12.286282
13.376804 16.335009
15.200495 19.100950
10.806167 12.326437
15.064065 19.011421
8.590625 14.449219
9.766749 8.823653
12.816635 13.134521
10.674996 17.838768
9.284979 13.080597
8.623470 9.015148
8.684569 10.295657
9.373617 19.315058
8.622691 12.875829
10.494100 17.541275
9.183859 9.610170
9.355588 14.388756
9.880247 11.846241
4.157206 21.657234
8.439590 18.899549
9.188001 9.491906
10.845909 10.856037
10.982453 17.924049
11.534986 15.730150
8.801960 8.557336
9.261715 10.194674
10.895568 12.783605
10.199086 16.443890
4.970475 12.930105
6.675012 16.976458
7.723211 16.981936
8.703403 12.458906
8.448635 11.097314
9.474231 9.801105
8.334985 8.371455
9.049114 10.066479
9.436729 11.134129
8.118191 8.882378
8.410145 9.608346
13.603958 14.045700
12.074579 16.666645
8.930401 12.929217
8.508830 11.722644
9.391429 12.894395
8.850444 14.181106
8.065903 9.431274
9.324375 16.497850
14.720899 16.364681
9.908408 12.033249
9.303367 13.060411
4.169460 22.260988
9.447106 13.127216
9.015803 19.197052
15.143314 13.883391
10.903384 17.246346
14.554533 19.189156
13.619230 16.432098
8.906065 11.078416
9.749868 12.837409
15.655324 18.436708
9.564414 12.907795
10.380090 16.282118
9.288781 12.912970
8.874722 13.010648
13.984278 15.932808
8.994942 13.034936
10.318581 17.636335
9.738522 10.755342
9.189780 9.343882
7.154909 21.697866
10.222772 17.563356
8.538841 10.028186
5.524315 22.215935
6.130763 16.951330
8.203727 16.987801
8.942422 8.489440
8.875824 10.288581
9.666627 10.268476
8.543221 12.827751
9.361269 9.597654
4.245677 21.380417
9.155728 12.176088
8.432280 11.671184
15.594927 16.282560
9.007781 12.858460
13.627340 19.503946
11.832446 15.625773
10.000467 17.471304
9.667805 17.586969
9.582615 10.171517
8.692200 10.343483
8.399478 12.612258
4.641457 21.419189
9.874559 11.587827
11.117467 15.856751
10.265648 15.699540
9.836942 11.597136
8.448902 12.644471
9.763381 13.933286
9.186658 10.025821
14.789450 18.378429
9.874679 12.497602
8.887552 10.837923
11.389771 15.633882
13.261066 16.445820
12.515139 13.526382
9.010012 12.164684
7.264353 17.404341
9.431190 10.283031
8.798069 14.866614
6.814574 17.370173
9.681216 12.910544
8.417767 8.689522
11.382524 17.640812
8.521565 8.559960
10.266334 18.733997
9.200264 7.924391
9.627174 13.086415
9.087432 10.609809
9.854315 11.473186
8.710164 10.934872
16.183867 16.337332
8.078282 20.957729
13.041416 16.281349
6.245716 17.255022
16.108044 17.828979
9.026717 8.864572
9.769698 14.103758
6.543690 12.093748
9.085022 9.023730
8.603939 10.437093
8.184216 17.541302
10.126624 14.023533
10.771605 14.135468
15.544217 18.085037
11.179220 18.148872
13.299504 16.908346
9.633314 10.300996
9.676411 10.624549
8.854403 13.008388
10.122160 17.860128
11.701448 14.179214
9.522448 10.824916
9.388489 10.809322
7.861438 13.484370
6.871451 12.835001
14.191517 16.108665
9.701808 10.582327
9.548900 11.361436
8.616839 8.135755
9.246640 9.540149
9.431329 12.990772
9.166624 10.361917
11.096058 14.777958
9.232825 13.087739
9.700870 17.826302
2.375105 23.477312
15.832477 17.073578
11.846429 15.107729
13.649981 16.309254
10.994214 17.809723
12.629941 15.280733
9.800688 11.868216
8.651944 11.281223
9.830080 12.891270
9.769129 12.863916
11.587175 13.872398
9.289678 10.958453
13.867962 16.360321
10.130465 19.072098
8.688765 8.452451
10.654102 11.917545
7.724037 14.443836
9.009527 8.635318
13.914592 16.064423
6.743723 16.982847
9.487657 12.366283
13.916736 18.907602
9.090639 9.754972
8.569223 11.617579
8.408580 11.316337
10.215780 17.008028
9.640143 14.374623
9.840500 11.321850
10.414648 14.242282
14.989508 16.158813
8.552215 9.281029
6.006256 20.081812
25.772203 -16.109518
8.848042 11.636178
9.647757 11.185081
13.854676 15.212190
9.696610 17.710783
13.013924 16.369535
8.808291 8.675797
13.488240 17.390247
13.064623 16.738916
9.001667 10.932315
9.753634 10.897166
9.060153 9.699650
11.728795 13.746415
13.985723 18.352724
8.300138 14.762042
13.583008 15.063772
9.006102 13.108714
2.728261 17.021709
9.154141 12.582491
9.322552 10.144551
8.810313 10.465109
9.278999 13.071503
14.239517 14.794299
9.779547 11.163538
9.215057 12.825406
9.725321 12.635614
7.514792 17.274202
8.243962 15.578679
8.635476 8.219947
8.700273 12.752357
15.980016 17.537371
9.183880 8.137075
9.916443 12.644137
9.723390 13.037329
12.678379 16.604172
8.259736 18.912703
5.970118 17.309786
8.022853 14.706605
8.926315 9.023453
8.313828 12.230160
9.492322 11.483865
10.178037 14.548259
10.177746 12.522575
8.710120 10.013370
9.267358 15.430637
8.647011 9.124496
7.729680 11.166753
11.166758 18.021513
10.400850 14.046152
9.960629 12.117818
14.493628 13.313637
8.928852 8.777877
5.866986 16.883957
9.302932 12.891002
13.041390 15.552543
8.899380 9.919513
15.419834 17.498676
9.989530 14.454797
11.475318 13.602833
8.134070 16.136387
9.681952 10.209025
8.513197 12.039403
12.937727 18.719706
8.590389 13.955654
8.745621 13.016183
9.549548 12.242150
13.988544 16.199083
9.310278 14.468946
10.940910 13.047495
9.605191 10.132633
10.555998 17.174471
9.856902 11.651402
9.254535 13.225460
12.274508 15.688537
15.002277 18.105888
9.561695 12.879918
7.660933 17.382370
8.883863 19.114578
9.118993 12.781790
8.507161 12.568653
12.295684 16.050777
10.439559 16.139549
7.684982 15.095776
10.153537 18.135073
9.439407 10.985272
7.387300 13.575032
9.018832 10.701559
8.662280 12.832627
9.054204 9.403656
9.953520 12.255942
8.472518 13.356939
9.384294 9.811479
14.776990 19.666306
8.176536 11.566689
10.736401 15.064472
12.563585 14.912724
8.031920 15.257751
7.796117 11.721719
8.451523 14.694381
7.233525 19.391865
9.836478 10.978106
8.780453 12.272099
10.260640 17.625765
9.353473 9.643470
6.506459 20.253860
10.442451 18.188496
7.655143 19.129255
10.283429 17.908546
8.799003 13.007138
11.512923 15.740063
7.394911 17.577343
9.549208 9.898050
8.895092 8.910812
8.630926 10.187289
7.616447 15.897172
10.699656 12.917144
8.263492 9.622334
9.428605 12.786360
11.189952 12.438736
9.995028 12.381561
14.707211 16.457222
8.508117 11.444424
7.663203 21.344433
9.162919 14.063995
9.087139 11.454781
9.898172 12.769398
5.885076 17.092567
12.359512 13.453074
7.802048 17.795925
13.868562 16.464495
11.251764 14.001723
8.937137 13.091598
2.845275 15.038085
7.828259 19.099951
8.851107 13.107569
9.909295 11.288851
8.287845 11.574606
9.432285 9.525020
9.558291 11.662610
13.186720 15.930304
8.405548 9.917275
17.139275 16.933929
8.451145 12.649348
9.042509 8.629712
3.923626 21.726046
9.198047 12.918635
12.387867 15.315141
15.294855 15.832608
8.935494 13.170789
9.253464 13.205606
9.843639 13.005158
11.672096 13.571771
12.602537 14.733535
9.063565 9.802317
8.463847 8.379033
6.915248 16.140844
8.762609 13.049335
6.212539 16.903336
9.237457 11.925703
9.975846 12.402391
11.512737 16.035683
14.999859 15.746053
9.360827 13.256551
13.573984 18.464560
9.019116 12.491417
9.670665 10.830735
9.159407 14.299221
9.244609 12.267255
13.034035 16.670620
9.386790 9.960649
9.578634 17.973652
8.839677 12.955138
3.951010 22.797380
13.992285 16.399237
8.360274 12.148075
10.532166 11.766319
11.012324 17.739063
13.750570 16.424292
9.157424 11.470480
8.047871 8.950084
9.920721 12.098362
8.964933 11.312963
8.032237 9.906772
9.883708 11.592920
8.966893 9.531933
8.195836 14.481677
9.908536 11.286293
8.692507 8.930578
8.060489 10.213005
9.308569 9.375784
10.310353 17.933924
8.299006 11.953784
8.641150 12.979547
9.215737 10.993043
11.534984 12.468519
15.549075 16.424006
9.337461 9.464055
9.767077 11.314921
5.841683 16.505844
9.871692 19.172937
15.499084 14.530992
8.415417 14.293783
16.526905 14.504944
8.738181 10.423027
13.786294 20.387363
7.728969 13.113479
12.930130 15.326478
10.981467 13.628112
9.726465 8.637715
13.300004 16.075872
9.004025 14.557375
6.570158 17.707420
10.045368 14.331371
9.643874 10.407029
13.093856 14.420838
8.569456 12.618722
8.927184 9.447951
8.136779 10.305419
9.715756 10.905376
8.715983 12.287857
9.563917 18.238359
11.296074 13.137988
9.628597 13.157077
9.934206 12.548079
9.605000 10.058295
9.563319 11.087938
9.148160 13.215718
8.631319 8.057066
6.190835 16.083008
9.139629 10.620208
9.071489 10.225318
11.994053 14.940959
11.408132 15.186639
9.732642 10.470240
9.518567 13.355058
13.454757 16.016491
7.088820 15.904185
6.029854 18.400171
9.850698 12.111483
12.383561 15.971118
9.892385 14.507946
15.147261 19.483883
13.469289 13.842925
8.896914 13.185729
8.863941 9.605663
16.698650 15.092230
12.537740 13.773369
8.075860 9.834984
9.592132 10.184415
15.259811 16.318550
8.832070 11.131044
10.680212 14.109190
10.909879 18.268608
10.503417 16.844128
9.636466 16.628775
9.079992 8.779335
6.503387 17.637081
9.368125 15.890640
9.572889 12.834801
12.020051 12.733145
9.306275 12.921872
8.911095 10.616588
13.681111 18.524525
15.374984 16.522968
11.361476 16.002554
8.834232 11.081955
10.154382 14.107580
8.750857 10.217774
8.758550 8.859248
12.138352 15.135789
8.978673 10.003601
9.729646 12.437208
9.764462 12.755802
8.366945 12.760433
9.742948 10.579503
9.134471 10.290751
9.001870 17.461782
9.925982 17.416981
15.479612 16.403685
9.618355 10.931684
13.716864 13.710880
7.224296 16.453407
11.219434 18.733591
8.328568 11.040150
9.414569 10.168217
10.270292 14.091496
12.823411 15.261643
12.840433 13.771120
9.377185 10.001152
9.765389 12.547832
9.941616 11.873523
9.621210 18.710775
14.217899 15.539161
9.002824 11.123168
10.152108 17.544638
13.265272 15.116972
11.301392 17.565716
8.871745 14.572616
9.184916 10.835327
6.326085 19.815065
9.956547 12.097206
9.707158 12.254434
10.323595 16.330860
13.918282 14.180241
7.157523 19.867601
9.539127 18.694164
9.778448 18.244022
9.241704 7.822630
9.294333 9.302256
10.517324 14.453199
9.678141 12.825035
9.794628 13.082828
9.380028 12.752944
7.849378 17.517427
9.716531 12.870500
7.764691 16.119848
6.096184 16.271481
12.751245 13.870850
10.176197 19.189573
9.161614 9.461085
8.449678 10.223908
10.103227 12.530456
8.935647 8.892365
9.129969 12.191522
8.445884 12.458335
5.778642 17.330633
9.952798 11.691951
11.091297 17.663969
11.379739 14.856974
9.518255 12.768901
9.996934 17.443853
8.066479 10.262143
7.979621 11.825243
10.639993 15.444023
8.393590 8.931054
9.816719 10.806931
12.100533 13.889058
3.557107 17.026222
9.557603 11.907452
9.045755 10.953118
9.299393 9.526889
16.141184 17.354477
8.638176 8.948504
8.310576 8.692668
10.007519 9.557329
9.017902 13.084454
8.667542 12.649246
9.826901 10.942312
8.530356 11.719187
10.860726 13.242437
9.888547 12.173929
14.883376 15.646912
7.066061 15.738366
8.654767 10.971356
8.707858 10.169962
8.936894 8.379706
8.758846 13.128659
8.815287 11.836250
11.240740 15.558256
15.344015 17.849766
5.165200 21.329185
12.104182 20.341406
8.460143 12.832671
8.245046 8.870946
9.911943 11.704077
9.665186 11.178321
8.301425 9.879154
9.892062 12.628674
9.802103 10.655833
10.323757 14.145272
7.137599 11.402581
9.778271 12.462900
8.814134 13.072186
9.928806 12.472734
9.784867 11.368108
10.671412 16.946766
10.006957 14.177394
9.769660 10.837354
10.171683 17.857866
11.921138 16.082108
11.845741 17.082117
8.495955 8.801815
7.297150 15.859618
8.772913 17.189932
8.941999 13.170109
9.636747 10.270303
6.545053 16.637936
7.276869 10.666095
9.535970 12.800147
9.127930 12.834448
9.681223 10.031997
9.091910 11.020493
7.424114 16.151205
13.713846 19.055378
11.228409 13.776478
9.529415 11.205077
9.684902 11.885509
9.932562 11.814028
13.620426 15.800724
11.662193 17.120720
7.436747 10.152166
13.082203 14.846224
8.616414 17.381002
9.168240 13.721067
7.584560 11.729083
7.267576 17.567652
9.241302 10.874395
11.833341 14.790599
8.596052 13.095538
9.612404 10.021111
10.209855 14.141500
8.561273 15.744551
8.643240 12.149320
10.558950 11.572331
8.707894 14.788909
14.023168 14.924779
8.452778 10.849902
8.965463 8.428259
13.960633 15.969958
9.366463 9.614440
8.621216 13.049279
12.620291 15.700919
7.639698 11.627460
15.392090 19.012756
8.790504 8.786168
8.946544 9.953489
12.921098 17.155746
10.849756 12.982467
11.216971 17.235811
12.854937 14.857274
13.755157 16.746010
12.394138 14.306555
13.137593 13.468859
13.468856 16.715986
8.091784 14.934477
8.683693 10.005488
8.704636 15.185658
6.564659 17.681343
8.310635 10.696275
8.318712 12.484437
9.991423 11.729964
9.078758 10.880180
8.877653 13.259662
9.416400 12.898252
8.629883 12.085915
14.051313 17.911198
9.655744 13.347057
9.848744 11.673939
9.298298 9.373425
9.819731 14.219220
9.222790 16.538595
11.042151 12.876132
13.920153 16.581568
8.615973 10.510842
11.067043 18.003878
9.780537 10.603684
6.249655 17.170918
8.520800 11.459797
7.826041 18.021147
9.825904 10.754251
4.522650 22.692955
10.390970 14.857115
10.246798 16.363293
13.389029 16.303860
9.782164 10.911329
9.895857 11.399147
9.951158 12.789780
8.539127 9.249993
9.300875 9.876605
8.219577 6.763497
8.226518 14.931347
14.819573 16.174543
14.580152 16.996956
14.460163 16.293844
9.251869 15.758996
8.536910 10.003852
13.527710 18.186367
10.952378 16.850765
10.138964 9.945577
9.865265 11.476453
8.470615 10.128773
14.015794 17.710030
9.568215 12.956388
14.429520 19.265722
9.827420 13.080173
13.990621 16.471975
9.089312 8.870996
9.654482 8.601137
8.636479 8.890311
16.084633 19.096666
6.871827 19.662645
9.800433 12.545874
9.113675 19.941629
12.967041 14.764615
9.227381 13.251106
6.675696 16.090940
12.348598 16.877735
9.990952 16.700205
14.027097 15.211460
10.428966 15.136463
15.293178 16.998657
9.775284 13.085485
8.612872 12.163738
9.605190 10.060666
7.295286 11.399424
10.922205 17.466833
10.544862 13.736588
7.639880 20.440176
7.929247 11.797441
13.826423 17.009531
10.112378 14.379910
8.881613 13.065155
9.152216 9.426014
14.104442 14.312871
8.836161 13.084959
8.324349 11.456585
8.157743 8.364329
13.263927 16.983536
10.528482 17.162167
14.034830 17.295565
9.911135 9.147194
9.268614 18.750246
10.044883 16.008896
9.392588 10.552629
10.319373 17.069614
9.548610 10.656939
9.082748 9.617466
9.529360 9.566990
9.861791 10.932750
8.619443 9.835343
10.059637 12.357927
8.488548 11.038683
9.977407 12.440874
10.442541 15.770129
7.858641 12.205477
13.637584 16.934172
13.022743 13.654848
8.983298 12.504858
8.106288 14.026006
8.142268 14.222346
10.898112 12.899390
9.657756 11.734962
9.130405 11.389129
9.259502 13.418644
9.919146 11.339178
8.062882 17.814659
9.374669 11.290648
8.527257 13.012650
8.667719 15.881948
4.174922 22.597256
12.947338 17.799959
14.046629 14.118950
6.644875 15.820300
10.911218 17.543669
9.973742 11.299135
9.310633 12.718786
13.739953 16.302340
15.362106 16.107874
9.968379 14.618217
8.476401 11.097716
8.573785 13.092433
8.426249 9.523796
12.990870 14.541083
11.273318 15.589950
15.282367 17.994482
13.304776 14.742015
10.094617 19.274059
7.296424 15.748214
8.018984 9.263171
13.752655 19.954046
4.900002 12.669489
8.494044 13.121213
7.626493 17.568365
13.221646 18.712210
16.339556 18.466829
-1.800747 22.128691
9.611239 16.352367
9.892767 12.344034
8.847306 13.244746
8.129272 10.119765
9.637534 12.704357
16.100788 18.440002
7.960560 14.972243
11.298851 15.187639
9.544464 10.231964
9.333520 9.143578
2.922578 21.036060
9.109835 11.256997
7.646119 12.288381
8.976276 9.876722
8.803603 11.184584
8.665934 13.155273
9.750913 10.233929
8.470966 9.973267
8.289784 10.848009
8.902411 14.198153
9.916924 12.680132
9.173634 8.610687
9.442436 10.501925
8.947903 9.257264
9.585686 9.614691
9.627968 9.933010
9.650780 12.987133
8.987880 10.129091
13.625567 17.139612
8.597307 12.642291
7.745298 12.894959
8.916335 8.917045
11.110375 14.848672
8.380960 10.525635
6.389563 20.363562
9.140444 13.437156
9.324547 10.087526
10.191136 10.324913
9.968108 12.702099
9.115201 13.406673
8.918276 10.104003
8.474901 12.676047
9.999123 12.105382
16.426346 18.390581
9.125135 8.886070
9.687522 17.236572
9.871626 10.829143
8.881106 8.194113
8.707711 11.387151
10.055138 11.763464
11.193009 13.477933
9.486393 13.512989
11.108027 17.979401
6.904207 14.877903
13.167603 13.707285
10.067122 16.767113
8.239923 9.825167
6.668830 16.267622
10.229840 12.783169
11.963824 13.538335
14.206957 16.582371
14.259129 15.184088
10.831440 17.192204
10.273357 19.296440
11.699686 17.608471
7.214611 11.528615
13.198030 20.401146
13.793431 15.012515
10.718772 17.161652
5.611567 20.445843
9.799443 13.085600
8.001326 9.955201
9.736241 12.973281
16.513449 20.507040
13.918752 16.929825
9.715117 18.934074
10.366485 13.508979
8.350823 12.160567
13.128669 18.638165
9.603512 10.991778
10.040909 11.998870
13.825481 19.107307
13.530273 19.267445
8.596847 11.053631
8.778690 8.538187
11.687771 18.159334
9.484710 13.144730
8.441606 10.902113
9.010262 8.398062
9.352393 10.328993
5.816066 22.241907
15.127114 15.814327
7.917049 9.252924
7.164772 17.618660
7.626113 11.584997
8.069952 16.074636
8.827066 11.108508
11.895824 19.911921
15.883162 18.428177
13.014427 16.501219
4.504562 21.805702
10.684175 18.364704
9.068884 8.969257
8.821624 11.901231
10.183049 9.704686
9.813483 10.408688
13.422780 18.040359
9.876017 12.486028
9.689913 17.598520
11.732643 17.663715
8.668866 10.721094
8.655162 13.160517
7.888438 10.688629
8.775684 13.187407
9.347840 11.110647
16.508041 18.808043
9.473513 10.150094
12.450435 15.937468
10.145576 13.683890
14.261949 19.504923
10.221683 16.852085
-1.255520 23.891327
12.565376 18.017433
8.547029 10.595134
7.887889 16.139612
9.703153 10.142509
10.122006 15.564882
11.102533 17.710220
10.894278 15.439885
9.879785 11.026845
13.782412 14.403277
7.191497 16.220041
8.342393 12.792563
9.151429 7.565614
8.994221 10.431862
10.474449 11.498604
12.797630 16.146215
8.377691 8.928677
8.943688 9.357077
9.168362 13.243246
9.738443 12.277586
9.452390 9.212168
15.952765 18.155060
11.705246 13.290199
10.191854 16.435680
6.870563 13.239083
12.096009 15.904210
9.712856 13.093322
9.766579 10.841197
7.437249 14.754630
8.761930 13.319221
16.450840 17.780258
11.520206 16.133709
8.056536 9.801700
6.617280 18.111294
9.836565 12.650728
9.549833 13.222435
8.997754 8.451526
9.872593 12.296634
8.508432 17.424097
10.143261 18.650137
11.081335 17.486029
8.380383 13.007296
10.198049 9.733716
12.996904 15.925845
11.154224 12.923870
17.039816 17.481537
13.132789 18.682261
11.186172 18.597589
9.222162 10.592513
9.576945 17.020443
6.434339 13.161376
8.922579 9.482225
9.466172 11.247446
12.974294 18.450943
12.796206 13.276185
9.406926 13.141408
13.115617 19.872253
16.035948 16.575762
13.242896 15.791877
9.368250 9.425939
13.251628 18.609564
8.798409 7.372517
13.669285 16.665468
9.685235 10.920362
13.624445 13.899855
10.283403 18.665751
10.063585 12.723235
9.695127 10.045432
9.508320 12.631703
12.249851 15.181193
9.300315 14.479880
10.623327 11.338192
10.416876 14.447339
7.655562 6.383438
11.421770 12.561986
8.923536 13.074729
9.831593 19.239710
13.399126 17.072014
13.020845 17.873074
11.124094 11.347131
9.541555 17.028330
10.029757 12.495728
8.790091 9.273471
12.367295 18.042204
9.199471 9.019040
9.034014 13.396581
8.819476 7.720299
8.304299 9.227909
9.876773 13.092934
9.133326 11.931296
9.840682 12.990514
9.488146 9.673417
9.769900 14.450149
8.359990 14.549088
9.532796 12.733604
11.457505 18.615133
12.616952 17.673946
14.975537 15.483218
8.244530 14.642204
12.548964 12.829080
8.870417 10.034612
14.103123 15.344361
9.955694 11.055402
10.060957 12.871307
5.529790 12.051912
13.555325 19.057566
8.725286 13.115077
9.723720 17.676527
9.855399 14.260244
13.771629 19.298128
13.231883 13.510550
15.957708 17.988573
9.966792 11.962554
9.981092 18.691170
9.585567 12.783504
10.968365 12.981787
9.980536 10.964574
11.902731 14.573211
9.471665 13.236183
8.798559 10.268894
7.006257 16.031940
15.876446 15.936893
11.826530 16.829897
8.498899 13.247855
7.870824 17.915096
9.564490 10.378895
9.446921 11.543390
14.256673 15.598562
9.816786 12.545296
8.752260 9.362026
9.458776 13.425062
8.704796 9.690784
9.756578 10.371641
10.103543 16.301664
15.909739 19.793234
9.681890 14.766372
17.793058 18.508530
9.519543 9.318126
11.412258 15.554651
11.936040 15.643764
9.110801 13.258670
8.003343 10.102467
11.786736 19.342762
8.819343 12.803440
8.261052 11.241505
11.730270 15.931440
14.706248 18.193624
9.654579 10.461723
3.954850 21.861933
8.485722 12.192138
8.162246 14.088261
10.025966 12.928164
9.257541 14.989194
8.301068 6.888891
7.008503 10.833640
11.433603 17.056778
8.208148 9.407380
5.281997 15.987581
9.210353 13.336610
9.229860 10.809111
9.862349 9.964681
8.446487 9.731314
11.699613 12.149480
7.768769 14.340191
9.735950 18.161694
9.989378 12.387259
9.193233 12.064709
16.360050 18.478804
9.787801 17.461702
14.730841 15.699423
13.539907 15.990447
8.429685 11.619229
7.464271 21.659224
12.252475 14.071463
10.660351 15.229555
8.784981 13.366074
8.125439 9.729528
8.605682 10.421880
8.394270 11.358075
6.135746 17.426933
7.885226 17.937023
10.004292 10.232910
10.754099 12.678525
11.375424 13.912313
7.987381 9.531127
14.028249 15.743917
15.625315 15.573011
10.388530 13.637283
10.103104 12.286372
13.511830 19.353622
16.474930 17.700146
7.587069 12.256881
10.060697 12.687801
12.194066 17.711821
11.968964 12.826919
4.996810 21.743900
12.786731 17.038902
16.321947 16.136454
8.154103 11.873150
7.853302 10.253341
13.266361 18.584112
8.652826 17.197666
7.262080 10.662467
7.939643 14.547343
16.465378 17.057566
9.210350 8.502311
12.906864 12.834783
11.014823 19.788593
8.445061 16.427084
11.015126 13.361658
8.333564 12.595618
7.864251 9.788700
16.070677 17.358622
9.781322 10.798704
6.137041 12.586051
9.998228 17.565098
9.773751 17.562038
7.554539 13.028754
11.985986 14.031844
8.989262 8.198244
8.200614 12.670148
16.322037 17.846382
10.016521 11.899008
10.323987 16.310207
7.782388 9.243560
12.638828 18.806494
9.865553 10.453508
9.670704 12.087346
10.771642 12.509417
7.813725 19.537081
13.034139 17.735102
8.292556 8.415645
8.755568 8.696132
10.928483 18.740683
10.253251 16.082022
8.440909 11.600636
8.024779 8.466256
8.279415 13.706823
9.869720 10.441365
12.586669 18.490108
13.333217 15.709783
10.502990 13.296462
9.890775 12.424757
9.096828 18.641294
10.117176 12.482372
7.597486 13.854961
11.141003 17.823669
7.926813 9.378067
7.680037 17.267174
11.625207 18.431078
16.258196 17.094084
9.930941 10.644939
4.302342 20.893412
9.967445 13.818837
8.222059 8.444864
16.204760 20.911476
7.183173 14.149838
10.717517 11.749990
9.552050 17.026232
8.617170 7.827801
13.745972 19.027687
7.879681 10.395806
9.531947 18.010809
10.244566 19.518515
7.830192 18.333570
5.749261 12.212665
4.064621 18.846462
9.494562 19.840422
9.803395 17.251631
12.694822 14.866776
8.093204 13.429370
8.148253 13.540202
8.690926 14.469052
9.397779 7.739273
10.019231 15.705091
8.641023 8.823936
13.000776 15.986925
8.739540 12.064413
7.821766 10.020099
9.994644 19.976555
10.199417 12.039597
9.825433 9.967499
9.095368 9.766215
7.555089 12.309744
8.531629 9.983424
9.673139 16.220562
10.122795 12.095899
14.567070 15.753901
8.389712 18.231874
7.286729 10.211173
8.260007 11.127662
5.840734 16.179792
10.471945 19.180222
12.897325 13.647227
10.092062 11.695570
9.484098 8.924272
7.826012 18.168320
14.584430 15.043315
13.996956 17.102617
8.031485 13.674194
11.013104 17.246166
9.663096 16.450205
12.628985 13.113599
9.794909 9.847986
11.172954 13.417051
13.221432 18.593353
13.176914 17.634783
7.843199 13.383508
10.145615 11.904023
7.331797 20.518791
12.493185 14.534484
10.329702 11.967911
7.810621 16.487068
14.782893 17.130461
8.319493 15.845004
7.723298 21.216982
16.759941 17.848555
5.952375 16.400839
10.115395 11.191600
8.643844 12.396206
4.943058 20.092060
6.047283 22.475937
10.525737 17.960714
7.669161 15.371497
6.513706 17.090937
10.884119 16.485136
9.040906 7.662018
7.112337 21.985270
11.181115 16.443771
8.059133 13.513701
4.828938 20.077267
7.612576 14.366951
9.130106 8.912663
9.182090 13.826808
6.394813 19.583349
9.121147 14.354802
14.663410 18.491604
11.656619 18.677141
12.493784 17.942373
16.625587 17.080656
9.585622 18.417521
15.567449 19.285528
8.866762 19.530848
6.332757 13.677094
8.273733 17.407162
13.259667 19.477062
8.093327 18.261866
7.290422 22.142654
9.944389 15.888655
5.528044 12.869913
15.494667 14.293241
9.160526 13.751179
10.594148 16.922747
7.209963 22.087433
13.970625 19.878698
8.429806 15.126274
7.594548 6.901695
9.923235 16.878347
11.409891 19.383808
9.534360 17.146193
7.920313 21.794437
16.289131 16.795488
11.155252 19.095892
6.255409 13.825543
8.632181 18.805532
14.023746 18.758789
9.059402 12.506075
8.633124 15.198397
9.912958 18.748816
8.732126 7.081906
9.679133 16.169174
16.191401 16.669086
8.374027 14.323047
11.159784 10.800337
9.655491 10.680105
10.642984 19.557838
5.598351 20.878550
8.872620 12.744665
9.743258 20.443132
16.434204 15.327349
15.946870 15.169194
10.561779 10.609590
7.206544 20.883795
7.602277 8.349110
17.641764 19.668190
7.205627 10.033998
6.285179 16.785910
7.534747 10.046378
12.530810 20.126675
12.180682 18.445850
9.053646 10.387060
13.486845 12.823315
7.599696 8.736614
19.019199 16.751581
-4.318778 29.799171
